0123456789
0123456
102030
potter
swimming
012345
11111111
1111111
1111111111
111222
punkrock
lynlyn
swimmer
punkin
DANIEL
potpot
noviembre
wisdom
030303
pizza
potato
1princess
qqqqqq
lynette
01234
ANDREA
punker
111213
pothead
topher
topgun
111111111
pizza1
Daniel
AMERICA
pizzas
Danielle
1029384756
10203040
punisher
01234567
wishbone
DANIELA
pizzahut
zipper
ANDREW
ANDRES
111222333
Andrew
wisinyyandel
topsecret
lyndon
111111111111111
punkista
lyndsey
102938
swimming1
november1
punky
punks
vitoria
DANIELLE
pr1ncess
yayang
111333
111000
wweraw
potter1
muñeca
topper
111999
skulls
111289
swimmer1
111188
wishes
120287
120689
120589
lynnette
012345678
topdog
120590
wwe123
lynsey
111189
1111
01230123
mymother
topcat
november11
11112222
punkrocker
potatoes
120120
novita
120789
120489
punkgirl
120988
120687
111290
topmodel
120889
120790
120588
pizza123
120586
120690
wombat
wisconsin
punkie
120788
120688
punyeta
vondutch
mymommy
120190
120787
120390
111088
1020304050
punkin1
120987
120890
120389
lyndsay
111888
120587
120189
lynne
topgear
optimus
111987
111985
wwewwe
021288
punkass
120691
120486
120288
120187
120990
021090
swindon
111112
topshop
stlouis
120487
120387
111990
111089
120986
120490
111989
111986
030388
qqqqq
p123456
111190
111186
030389
120806
vitor
120989
120290
030987
vonnie
111288
yayita
111287
030405
021187
yayaya
mymail
120686
111187
lynn
120888
120791
120492
120491
021407
012012
120991
120893
120585
120391
111191
030393
102102
030390
120488
120388
021189
Andrea
030690
kusuma
120786
120289
111988
030201
021188
punkprincess
november22
120887
punksnotdead
lynn12
4wheeler
102589
021088
november8
120292
111087
021190
november12
111991
111090
120891
111777
wisin
vonvon
potchi
120592
120591
030490
november18
november10
lurdes
030789
030589
switch
120886
120692
120188
030306
novembro
201088
120892
111993
111984
111291
102188
030290
120885
120386
120191
111293
030689
021291
pothead1
pot420
november23
102789
030688
030489
021290
210789
111992
102788
pothead420
november15
120385
120206
111285
030890
030392
102389
030989
punjabi
november5
120793
120393
120291
102490
021406
switchfoot
november16
210588
102588
030990
030386
America
120286
111092
030988
021405
guwapo
111292
111106
030406
021289
november25
210690
120985
120192
111983
030790
030590
030588
punky1
DANNY
210890
120685
120684
120392
120285
111185
021087
111192
102590
102205
030488
01234567890
skull
november17
lynn123
210892
210489
201288
030687
030189
021293
021287
021286
november7
november13
201090
111093
102088
030492
021089
Dancer
201189
120506
120485
120484
120305
120193
111284
030609
sukses
november21
210490
120785
102387
102288
102090
030991
030889
030791
030385
november4
20102010
120792
120584
120505
111105
102688
030507
021186
wewewe
pizza2
november30
201190
120406
120293
120186
111193
102689
030387
021086
0123654
punkrock1
november9
november28
ALFREDO
111444
021989
021091
november20
210987
120106
030787
021986
021404
021292
210488
201987
111205
111086
102690
102587
punknotdead
Daniela
201089
120992
102987
102488
102089
030788
0123654789
november14
DANCER
300889
120805
120593
120306
120205
111982
102489
102189
102106
10201020
030891
030591
030188
012589
012345678910
november27
210688
210389
201314
201191
102306
102186
102092
030692
030491
021092
punkizta
120784
120694
120405
120107
111555
102304
030487
november29
210390
111994
11121314
102291
102006
030691
030587
030192
021987
021193
november3
november2
300490
210990
210988
210689
1soccer
120906
120894
120583
111294
111286
111091
111085
102586
102289
102185
102005
030307
030190
wewillrockyou
punkers
punk
201192
201188
120993
120905
111666
102290
030892
punked
november6
november24
210989
210587
210492
120594
120493
111996
111111a
102386
030686
BLESSED
120807
120606
120284
102990
102091
030986
030886
021985
rhythm
210590
210391
120782
102888
102591
102585
102388
102086
102030405060
021185
skunky
punk12
DANIEL1
3000gt
210586
210388
201186
120994
111995
102890
102284
030493
030288
021991
021489
021191
021085
sukanya
punk101
potatoe
november26
300689
300688
210788
210387
201291
201289
120693
120394
102485
102384
102190
102187
030887
030592
030391
021984
021205
punkz
300890
300388
210592
201290
201086
102686
102087
021806
topaz
punjab
pizarro
mowgli
koykoy
Daniel1
120282
111389
111206
102484
030289
030191
021192
pizzapie
p12345
300590
210686
210189
201087
120883
120783
120384
102390
030786
030291
021988
021488
021184
021006
november19
300487
210790
111789
111589
102486
030888
021992
021403
021206
wishing
swinger
pr1nc3ss
potnoodle
mymummy
300588
300489
210889
201187
120882
120794
120705
120507
120185
111184
030506
030486
021490
tezuka
punkyfish
optiplex
kusanagi
300991
1q1q1q
120303
120295
120281
111788
111688
111588
102889
102887
102392
030586
zippy
ulrich
t1nkerbell
qqqqqqqq
pizza12
300491
210985
210591
120983
111981
111490
111194
102787
102691
102584
102191
102105
030807
030508
012007
q1q1q1
punk13
mymoney
64impala
300789
210986
210290
201989
120984
120207
120194
120184
111084
102891
102605
102391
102292
030893
030792
030685
030305
topman
l1verp00l
BELLA
210589
210493
210191
201292
120884
11111111111
102786
102385
102010
030593
021194
mymusic
mymine
BOBBY
300987
300393
210888
210491
210289
210187
201085
120982
120604
120595
120483
120195
102986
102806
102687
102503
102487
030585
topnotch
lynn07
lynette1
kyocera
DANNY1
ANDREW1
300988
300790
300189
210288
111806
111590
111283
102286
030395
030187
012689
zxasqw12
punkemo
punk123
mymama
lynne1
300591
210487
210190
201287
201084
1mustang
120895
120404
111687
102905
102505
102206
030992
030292
topanga
switzerland
210993
210992
210486
201986
120881
120482
120304
120294
120283
111787
111488
11121112
111122
102988
102893
102791
102405
030985
030806
021487
021391
021285
021105
021093
yeuanh
wiseman
potchie
lynn13
Andrew1
300587
210887
210691
210593
210386
210291
210192
201185
120707
120682
111094
102892
102506
10231023
102305
102192
030694
030684
030607
021408
zippy1
wwe619
swim
lynnie
lynn08
ANDERSON
300788
300190
210785
120880
111979
111489
111390
102886
102805
102785
102492
102287
102104
030784
030606
030287
030207
030206
021990
021284
021183
021084
012106
toptop
kusjes
300986
300690
210687
210392
201286
201093
120907
120706
120704
120680
120582
120494
111890
111095
102991
102989
102790
102491
102103
030383
021107
012488
012090
wisdom1
210692
210193
120995
120803
120695
120607
120581
120307
111980
111886
111107
102293
030884
030384
021588
012489
012389
option
ANDRE
300990
300387
300300
210787
210292
201988
120683
111487
102583
102393
102184
030693
021805
021491
012990
swifty
punkme
mymommy1
300693
300488
300390
210188
120904
120383
120101
111180
102992
102792
102783
102692
102685
102182
030993
030803
030707
030485
030394
021982
021980
021807
021390
012588
012188
switie
potters
lynn22
EMANUEL
AMERICA1
7thheaven
210786
210287
210286
210186
201092
201091
120495
111591
111388
102804
102285
102283
030808
030407
021906
021195
012989
012506
012107
pizzaman
pizzahut1
lynwood
lynn21
lynn14
lynn11
300989
300888
300786
210792
210385
210210
210185
120795
120605
120202
111692
111689
111295
111183
111082
111006
102793
102582
030906
030785
021492
012369
yayank
womble
muñequita
lynn01
300892
300887
300791
300787
210891
210886
210693
201985
120903
120407
120381
120182
120105
111906
111506
102602
102482
102403
102380
102281
030894
030793
030783
030584
030186
030185
021983
021387
021283
021207
021106
012587
012390
012189
zipper1
wishbone1
punani
210991
210685
210393
120804
120308
120183
120104
111976
111905
111386
111207
111181
111116
111007
102694
102084
030905
030308
030304
021485
021095
012490
012388
swimfan
lynda
ANDREITA
300687
300389
210893
210694
210495
120780
120603
120181
111889
111385
102707
102480
102406
102003
030382
030105
012890
012690
012191
yokohama
xzavier
wiskers
swithart
potato1
options
mymymy
l1verpool
300992
300589
300188
210885
120981
120503
111977
111893
111691
111586
111195
111104
102981
102183
102100
102095
030494
021993
021021
012788
012391
012290
012288
vitinho
skull1
mymom1
mymom
lynn23
300792
300492
300392
300391
300192
201994
120802
120681
120480
120382
120180
111887
111387
111281
111204
102885
102581
030286
030193
021689
021496
021388
021181
012806
012789
012487
012291
012289
012287
unpredictable
topoyiyo
skullz
novie
mymelody
lynnlynn
DANGER
300486
300000
210884
210485
201193
120679
120481
120403
120000
111786
111587
102882
102784
102780
102706
102593
102498
10241024
102307
102193
030683
030484
021788
012988
012186
012088
topacio
qqqqqqqqqq
psp123
Dancing
ANDREEA
AMELIA
300993
300692
300686
210793
201992
120596
120580
120408
120280
111975
111606
111491
111403
111282
102880
102483
102481
102204
102202
102007
030595
030594
030583
030505
030106
021994
021787
021591
021590
021402
021182
012892
012591
012387
012386
012207
012205
yayis
xristina
tivogliobene
swimchick
punkstar
pizza5
lynn17
ALFONSO
300592
300586
210894
210293
210194
201995
201293
120379
111705
111690
111182
11111a
111103
102693
102592
102181
102085
102083
030983
030885
030107
021888
021294
021202
021004
012685
012592
012491
womanizer
punkster
potito
210494
20121990
120703
120696
120608
120579
120496
111792
111593
11112
111005
102705
102704
102684
102303
10221022
102001
021282
021081
012992
012790
012485
012306
012292
012190
012187
012089
skully
muñeco
Bella
ANDREI
300386
210594
210585
201993
201184
120879
12081208
120600
120479
120102
111805
111782
11122
111203
11111991
111100
102985
102984
102800
102679
102606
102601
102502
102203
102093
102080
030907
030794
030295
030184
021484
021007
012792
topogigio
skunk
qqqqqqq
punkrock101
punketa
Blessed1
300691
210683
210384
210295
201020
12091990
12091209
120578
120504
120502
120395
120204
111aaa
111891
111884
102994
102980
102578
102382
102082
021688
021506
021486
021389
021204
012891
012286
zxasqw
wwefan
wishmaster
urlacher54
topak
swiper
potter7
novemberrain
mssexy
FLAQUITA
300394
300193
210394
201284
201201
1prince
120779
120678
120597
12051988
120508
120476
120179
120103
102884
102781
10251025
102501
102383
102282
102107
102004
030293
021690
021589
021306
021094
012893
012888
012686
012607
012493
wishart
tophat
topgun1
swimteam
sukkel
sukabumi
punzalan
punkgurl
lynn16
Danny
Danielle1
210984
210791
210582
210285
201285
120602
12031990
120296
111706
111486
111081
111004
102993
102894
102681
102594
102407
102094
030995
030982
030883
030805
030780
030503
030195
030194
021981
021889
021692
021507
021281
021280
012786
012688
012606
012492
012405
01233210
012105
optical
mymonkey
lynn09
300891
210806
210795
201283
201094
201083
120781
12041989
111391
111279
11121991
11121990
102906
102904
102803
102579
102081
102000
030582
030294
021979
021790
012593
012484
012406
012285
vitamin
unpretty
swingers
nyleve
muñekita
PABLO
BLESSED1
300186
210395
120878
111997
111882
111592
111208
111110
102696
102682
102680
102500
102279
102008
030984
030495
030380
03030303
021789
021687
021686
021607
012887
012807
012093
012006
xlovex
qqq111
punk4life
lynn15
lynn06
300893
300494
300191
21081991
210684
21051992
201991
201294
201006
120902
120801
12061989
12051987
111978
111885
111883
111791
111585
111392
111201
111196
11111989
102683
102495
102207
030994
030208
021893
021685
021593
021505
021082
012993
012905
012687
012193
012192
sukasuka
skulls1
punkpunk
optimusprime
lynn18
300195
210906
210794
210584
210294
210195
201990
20101987
1precious
120796
120478
120208
120200
111693
111405
111280
111278
11121987
102983
102982
102794
102595
102507
102404
102399
102395
102394
102381
030285
021890
021707
021400
021102
012805
012586
012407
012206
012092
yokyok
woman
vitara
punk666
punk4ever
punisher1
potros
kyogre
Dancer1
BELLA1
300894
300785
300694
300685
210784
201082
120677
120380
12031993
111892
111704
111505
111199
11111987
102807
102802
102703
102529
102493
102294
102278
102201
102079
030781
030695
030680
030205
030182
030103
021907
021483
021180
012907
012707
012595
012590
012584
012392
012307
012185
012005
wisinyandel
topper1
swimfast
rhymes
rhyan
qqqqq1
pizzapizza
lynn88
Kagome
DANIELITA
7thgrade
300886
300784
300330
300187
21041991
210107
201181
12081989
120778
120708
120697
120196
120108
111785
111404
111223
11121994
111202
111108
111080
11101988
102902
102883
102580
102396
102101
030881
030809
030782
030608
030408
03031989
021203
021104
021083
012987
012787
012706
012486
0123123
012091
012086
swisher
punkboy
optima
november06
NADINE
DANILO
Blessed
BOBBY1
BELINDA
Anderson
300985
300884
300793
300683
300584
210805
20121991
20111987
201030
20101991
1PRINCESS
120877
12061206
12051990
12031991
12031989
120297
120203
111881
111790
111602
111495
111482
111393
111234
11121992
111177
102881
102879
102604
102526
102479
030981
030904
030795
030604
030481
03031991
030284
021691
021606
021503
021401
021392
012883
012691
topakin
swiss
swimming2
stlucia
punketo
punker1
pizza13
novelyn
lyn123
guwapa
ANDREA1
300885
300794
300695
300585
30031990
120978
12091991
120896
12031203
12021992
120177
111894
111686
111584
111504
111406
111179
102801
102701
102596
102477
102400
102180
030903
030706
03061990
030605
030204
021995
021975
021892
021602
021587
021585
021097
021080
012885
012808
012582
012293
vitamina
topolino
swimgirl
optimistic
novios
novembre
lynn33
lynn24
kusadasi
Nadine
Andres
America1
300493
300485
210595
210484
210407
210206
201183
20111991
201007
1softball
120996
120980
120979
12081990
120800
120777
12061988
12031986
120302
12021990
12021987
12021985
12011993
12011991
12011990
12011987
111681
111582
111484
111306
111296
11121988
111178
11101990
111003
102577
030996
030705
030504
030404
030396
030381
030183
030108
021586
021493
012991
012684
swift
punk15
psppsp
potrillo
optiquest
novice
mowmow
lynn05
lynell
NADIA
DANTE
300595
300593
210994
21071992
210682
210483
21031994
210184
201005
12091989
120577
120499
120400
120301
120201
111907
111783
111694
111604
111503
111113
111083
102878
102796
102778
10261026
102607
102599
102494
102299
102194
030882
030804
030802
030403
03031992
030104
030102
021905
021791
021706
021594
021304
021005
012705
012583
yayan
topito
swim4life
punk69
punk182
pizza3
lyndsey1
DANCE
300594
300385
300384
300383
210983
210707
210581
210106
201080
120500
12031992
120279
120277
111904
111804
111685
111583
111399
111378
111197
111101
11110000
111079
10293847
102903
102895
10281028
102782
102779
102702
102504
102398
102280
030895
030682
03061987
030596
03041989
03031988
03031987
021895
021891
021708
021694
021684
021584
021495
021409
021303
012986
012985
012604
012404
012194
yaya123
wwechamp
urlove
topten
toper
topaz1
sp0ngeb0b
rororo
punkrocks
pizza10
optimist
novo10
myman
lynn10
FLAKITA
300995
210981
210895
210283
20121994
201207
201107
201095
1pretty
120897
12071990
12061991
12061987
12051205
12041991
12041985
111972
111807
111707
111683
111680
111579
111502
111494
111492
111407
111304
111102
11101989
11101987
102995
102899
102795
102700
102678
102525
102408
102378
030908
030603
03031993
03031986
030302
021996
021504
021295
02121987
021196
012884
012793
012701
012693
012508
012283
012087
zipzap
zippo
wwerocks
wiseguy
topher1
sukiyaki
punpun
novia
l1v3rp00l
DANICA
ANDRE1
ALFRED
300882
300684
30041992
21091991
210706
21041990
210307
201984
201280
201206
201195
120977
120908
12081983
120702
12061992
12061990
12041990
12041988
120396
120377
12031988
12021991
12021989
12021202
12011986
111793
111784
111781
111684
111607
111228
11121986
11115
11101993
102976
102695
102603
102600
102478
102402
102178
030896
030880
030709
030697
030400
021793
021098
02101987
012886
012791
012785
012784
012608
012284
012282
wewill
tivoli
swing
swimmingpool
punkie1
punk77
p3pp3r
november89
lynn87
lynn77
kyokyo
BOBMARLEY
300994
210982
210882
21081990
210696
210695
210596
210583
210506
210383
201982
201295
201194
201102
201081
20101992
12081991
120399
12011989
111895
111233
11121985
11111990
1111122222
1111112
1111111111111111
111111111111
102979
10271027
102597
102528
102379
102301
102300
102078
030979
03081994
030696
030509
021977
021887
021883
021592
021296
021278
021179
02101986
012889
012683
012682
012585
012393
012184
012083
003300
yaya
wweraw1
wishful
vitamins
vh5150
topeka
qqqqqq1
punklove
punkey
punk11
optional
mymike
lynn69
300795
300483
210482
210406
201282
201203
201202
201106
20101990
1muffin
120898
12071989
12071988
120598
12051989
12051986
120477
12041992
12041204
120397
120378
12031987
120300
111973
111481
111382
11121993
111211
111200
111175
11111993
11111986
11101991
102977
10291029
102401
102376
102295
102200
102195
10211021
030980
03091988
03081990
03081984
030708
03061992
030580
030496
030483
03041992
030399
030379
030282
03021990
021783
021782
021680
021608
021605
021583
02121991
021076
021003
012794
012605
012594
012483
012385
012384
01234560
012182
012008
womack
wisteria
vitesse
topeng
punyaku
punkrawk
punkchick
punk16
punchy
potaka
pizzas1
pizzaboy
lynn89
lurve
Dance
7thward
300983
300484
30041991
210580
210505
210396
210284
210196
210183
20121988
201205
20101994
12081992
12081987
120808
12071991
12061994
120601
120575
12051993
120498
12041995
12041987
12041984
120130
12001200
111795
111605
111381
11121150
1111991
111169
111123
102978
102576
102377
102276
102179
03091994
03081991
03071991
030597
030480
030378
030309
030283
03021991
021904
021885
021792
021683
021604
021581
021494
021396
021307
02121988
02121986
021208
021197
012981
012803
012704
012580
012012012
zetans
yaya1
stlouis1
stl314
punto
punkish
pottery
potangina
lynn92
lynn1234
lynelle
LEBRON
DANIELLE1
DANCER1
Andre
300984
300883
30081992
300696
210907
210783
210781
21032103
21021989
201980
120900
120876
12061986
12051992
12041994
120402
120401
12011994
111803
111778
111580
111485
111483
111383
111305
11121995
11121989
11121984
1111117
111096
11101986
111001
102907
102699
102208
102099
03081989
030801
030703
03061993
030579
03051992
03041986
03031990
030281
021884
021796
021508
021305
021178
021096
021078
02101985
012692
012494
012108
012103
zetroc
yayme
yayabz
wweecw
wwe4life
woman1
wisconsin1
urlacher
topless
swim123
sukisuki
rules
pungay
potter12
pizza101
lynn04
lurgan
hyrule
FALLOUTBOY
BELLOTA
30061991
300606
300395
300307
300194
21091993
21071989
210705
210382
21031992
21031988
21021988
210205
20121992
20121989
20121987
201182
20101989
120976
12091988
12091986
12081988
12081986
12081985
120776
120576
12021994
120120120
111qqq
111794
111695
111682
111594
111576
111507
111479
111478
111408
111395
111384
111298
111277
111232
111230
1112131415
11111988
11101992
11101984
102675
102530
102375
102302
1020
03091992
03091990
03081993
03081992
03081987
030600
030577
03051989
030497
030482
03041991
03021984
030196
021978
021900
021894
021886
021786
021784
021681
02120212
02101992
02101990
012579
012305
012294
012201
012195
012180
012104
women
vonnie1
vitico
topgirl
topdawg
punkys
punch
potsmoker
pizza9
pizza7
pizza4
nylecoj
myman1
iswear
FALCONS
Danger
Bobby1
Amelia
30051989
30041990
300407
300303
300185
300184
21091992
21091987
210896
210782
21071991
21061990
210607
21051991
210507
210282
21021990
21011992
210105
201296
201104
20101993
2010
12091985
120798
120797
120699
12051991
120178
120131
12011201
111879
111800
111779
111703
111678
111581
111508
111477
11123
111224
111078
102996
102897
102877
102527
102499
102496
102397
102296
102199
102196
102002
03091987
030897
03071990
030704
03061986
030602
030581
03051993
030181
021882
021803
021595
021498
021482
021481
021477
021382
02121993
02121985
021108
021079
02101993
02101991
02101989
021008
012906
012894
012882
012496
012204
012001
zipporah
wiskey
vitinha
topsecret1
toppers
topdog1
topcat1
swity
punkera
punkbitch
potter2
potion
nov1992
lynn25
lynden
lyncute
FALCON
Danny1
DANIELLA
DANIELITO
BOBESPONJA
300807
300607
30051991
30051990
300480
30031988
2lucky
21091990
210881
21081988
210680
21052105
21042104
21041993
21041988
210280
21021992
21021991
210181
21011990
201983
20122012
20121986
201133
20102525
1promise
12091992
120899
12081994
12071985
12051994
12051985
120475
120278
12021988
120100
111880
111801
111603
111480
111415
111227
11121983
1111990
11111994
111032
111008
111002
102908
102896
102874
102676
102508
102476
102369
102277
102197
102108
102077
030902
030796
030681
030677
03061991
03061985
030578
03031985
030296
03011990
021808
021682
021479
021385
021378
02121992
02111987
02101988
012980
012782
012708
012507
012505
012495
012481
012403
012394
012383
0123698745
01230
012100
012004
wwe.com
wisper
wisheart
vitorino
swissmiss
swimmers
swift1
skunk2
punkis
punkin2
punkass1
punk21
punishment
punchbug
potatos
pizzaa
pizda
p123456789
november04
november03
lynzie
lynsay
lynn2006
lynch
lynard
kyoshiro
kyocera1
LEBRON23
97chevy
30091991
30091988
300680
30061989
300495
30011990
210995
210905
21081986
21071988
21071987
21061989
21051989
21031989
210296
21011986
210000
201981
20121984
20112011
20101988
20101985
120998
12081995
120501
12041993
120276
12021986
120199
120197
120176
12000
111797
111595
111496
111493
111377
111299
111221
11119999
111176
11111984
111119
11101994
102898
102497
102374
102175
102076
03051988
03041990
03021992
030197
030177
030109
021794
021785
021693
021580
021509
021497
02140214
021386
021383
021279
021198
02111989
02101994
021002
012694
012602
012596
012504
012480
012303
012208
012094
012009
zipzip
vonte
vonne
vittorio
vittoria
topnotch1
topmodel1
tivoglio
swiffer
rulitos
punkiztah
punk22
punk10
pizza11
november07
mymoon
mymahal
lynda1
kushal
iswara
Falcon
Andreas
Alfredo
7things
300596
300582
300481
30031993
30031989
300306
300196
300106
21081992
21061991
21051988
21051985
210405
210332
21031995
21011987
20142014
201281
20121993
201208
20111989
1q1q1q1q
120999
12081993
120701
12061993
120599
120398
111708
111702
111601
111498
111379
111229
111214
11114444
11101978
102900
102876
102674
102608
102524
102522
1024
102310
102308
102177
1021
03091991
03091985
03091984
030900
03071988
030699
030679
03061988
030601
030502
03041987
03021993
030203
030178
03011989
021976
021974
021881
021804
021695
021679
021601
021478
021384
021381
02121994
02121990
021200
021177
021103
02101984
012880
012795
012678
012382
012308
012304
012177
012081
yokoono
yaya12
topflight
swimming!
swimmer2
skuter
puntos
punkygirl
punkss
punkistah
punketita
punkero
punk14
ptown1
potter5
potter13
optics
november09
november02
novell
novato
mymark
lynnette1
lynn91
lynn86
lynn27
lynn101
kuskus
MEANDYOU
MAEMAE
FLAKA
Bobbie
Bella1
Belinda
3wishes
300981
300880
300783
300780
30061987
300482
30041987
300305
300107
21091988
210807
210803
210678
21061993
21041989
210380
210379
210306
21022102
210207
210180
20111992
20111985
201105
201010
201000
120997
12071986
120675
12041982
120299
12021995
12011988
111974
111969
111802
111376
111303
111276
111231
111215
111115
111076
102999
102870
102808
102698
102531
1025
102365
102210
102096
10203
102022
030974
03091989
03091986
030901
03081996
03081986
030797
030779
03071989
03071986
03061994
03051990
03051987
030397
03031995
030202
03011994
021780
021705
021229
02111990
02111988
021109
012781
012569
012482
012478
012396
012379
012365
01236
012300
012179
012109
012101
zippo1
yayarea
xristos
wishes1
wishbear
unperfect
t1nk3rb3ll
sygabg
swimming123
swimer
swim12
skunks
s0phie
q1q2q3
pototo
potlood
pizza23
mymomma
lynn55
kyokushin
FLACA
Daniella
DANCING
BLEACH
30081990
300782
300781
30071993
300705
30051992
30041985
30041984
300405
300396
300382
300181
30011992
210883
21081987
210804
21061987
210608
21041992
21041984
21031990
21031987
21021994
21021985
201979
201227
201204
201096
201032
12091987
12091983
120869
12071992
120700
120375
120275
120274
12021984
120012
111998
111968
111967
111902
111896
111799
111780
111476
111473
11131113
111307
11121982
1111987
111131
11111992
11111985
10281990
102797
102677
102523
102475
102297
102198
102074
102040
030877
03071985
030599
03041995
030377
03021987
021798
021582
021393
021379
021302
021277
021201
012983
012903
012809
012796
012783
012497
012408
0123
012210
012203
012181
012102
012095
012085
012084
012010
zippos
yeuanhnhieu
yayito
yayangku
wisnu
vitorhugo
topshotta
topollillo
swimmer7
sukuna
sp00ky
skuxx
skunk1
punky123
punk23
punjabi1
potterharry
potpie
pizza14
pizdamati
osquitar
noveno
november05
november01
novacaine
lynn1
lynchy
l3tm31n
kyosohma
jutamas
LAFLACA
Bobby
BELANOVA
ANDRADE
30091986
30081988
300583
300581
30051988
300503
300500
30041993
30031994
30031992
30000
21091984
21081993
210797
210796
21061992
21061988
210606
210579
21051990
21051987
210496
210481
210381
210305
2101993
201996
201978
201228
201199
20111990
201033
20101995
201004
1soulmate
1music
12password
120928
120870
120831
120772
120698
12061985
120612
120376
12031994
12031984
12031983
120212
111700
111501
111497
111402
111400
111275
1112223
111198
11111q
11111983
111072
102901
102810
102467
1022
030978
03091993
030879
03071987
030529
03051995
03051985
03041988
03031983
030301
030280
021908
021809
02121989
021209
02100210
012984
012982
012976
012680
012525
012503
012502
0124578
012202
012196
012183
zippie
yaya13
wisher
topshop1
topazz
swimmer8
swimmer12
swim13
swim11
rhys123
punky13
punki
punk88
pr1nc355
potty
pizza8
optimus1
optimism
nylana
novianti
november08
nov1990
mymum
mymother1
mymind
mvp123
lynzee
lynn90
lynn85
lynn26
lyndsie
PABLITO
KAGOME
FLAMES
DANIEL12
DANDAN
ANDRESITO
300982
30091989
300895
30071991
300707
30061993
30061990
300505
300333
30011995
30011989
21091989
21091986
21071985
21061995
21061994
210603
21051986
210508
210504
210479
21041994
210408
210403
21031993
21021987
210204
210182
201279
201180
201120
201079
12princess
12pink
12091984
120826
12071993
120671
12051984
120509
120329
120230
12021982
12011992
12011983
120109
111679
111677
111398
111380
111302
111272
11122006
111217
1111989
111171
11111995
11111980
111098
111097
111077
111073
11101985
102998
102971
102777
102298
102075
07love
030997
030878
03061989
03051994
03051983
030477
03031994
03021989
03021985
021871
021696
021499
021175
02111993
021077
012994
012804
012801
012603
012597
012581
012578
012509
012377
012281
012096
012082
012080
012003
003003
yayas
xcxcxc
wwewwf
wwerules
wwefan1
wwediva
wewillrocku
vital
unplugged
toptotty
topone
topolina
top123
swirly
swinger1
swimstar
swimming12
swim08
swifts
skull13
qqqwww
puntacana
punkyb
punky2
punkpink
punk18
puneta
potter4
potter123
pizza1234
novio
novella
mymint
muñeka
mssmith
lynton
lyndell
kyoko
MEAGAN
DANIELTEAMO
American
ANDRESTEAMO
7monkeys
69dude
30081991
30081989
300806
300805
300803
300682
300681
300406
30033003
30031987
300308
300182
30011991
300103
210996
210980
210978
210904
210880
21071990
21071984
210630
21062106
210333
21031991
21031985
210304
210303
21021995
210208
21012101
21011993
210104
20121995
20121985
201196
201176
20111993
201103
201003
1soldier
1oscar
12092006
120901
120875
120828
12071984
120712
120628
120574
12051983
120474
120373
12032006
120298
120269
12021993
12021983
120198
120175
12011984
111878
111872
111808
111701
111578
111575
111374
111273
111218
111216
11101995
102973
102772
102708
102533
102510
102345
1023
102275
102172
102169
102122
102066
102020
030977
03091996
03091983
030898
03081985
030777
030776
03071993
03051991
030499
03041993
030409
030402
030401
030398
030278
03021983
030179
03011987
03011986
021909
02182006
021703
021701
021698
021500
021394
021380
021298
021225
021173
021029
02101995
012979
012904
012899
012677
012601
012528
012395
012295
012276
012178
yayayaya
vonzipper
vonbitch
vitality
ulrike
topsail
switch1
switangel
swinton
swings
swimming7
swiming
sukita
soñadora
skumpika
rorro
punter
punkinhead
punkerz
punkerita
punk17
punk08
punk01
puneet
poter
potential
potatoe1
pizza22
p1234567
novena
november88
nov1987
mymusic1
mymoney1
mymissy
lynne12
lynnae
lynn95
lynn1986
lynn19
kustom
Lebron23
BOBBIE
Andreia
7thsign
300980
30091992
300906
300905
30081984
300796
30061992
30061988
300506
300496
30031986
210979
21091983
210900
210700
210501
210497
210480
21041987
210404
210397
210281
210232
210131
210103
201232
201177
201132
20111995
20111994
201077
201028
1princesa
1prettygirl
03091982
030824
030778
