202020
rosita
murphy
twinkle
twilight
rosario
11223344
1q2w3e4r
rosebud
1q2w3e
yolanda
myname
yvette
1212312121
sixteen
121314
wonderful
1123581321
twister
rosemary
rosie
12121212
murray
roseann
roses
1122334455
yazmin
rosemarie
rosado
040404
wonder
roscoe
12qwaszx
twins2
rosie1
rosales
sixers
voodoo
twinkie
wonderland
twiggy
1q2w3e4r5t
twins
rosalie
rosalinda
murder
roselyn
twisted
urmom
soraya
roseanne
roswell
mynameis
soriano
121288
shygirl
murcielago
sultan
sullivan
wonderwoman
soraia
040506
rose123
112358
rosebud1
121989
11235813
rosalia
rosas
FAMILY
murphy1
121290
112211
121289
shyshy
12131415
roselle
121987
loyalty
121986
rosmery
shyanne
rosanna
121988
rose
12121
witch
rosana
121287
q12345
112233445566
121089
CELTIC
twilight1
121990
121188
121286
rosalina
121090
sorina
CHIVAS
121189
121285
twinkletoes
murillo
sorry
11221122
rossi46
121088
wonderwall
muriel
loyola
twinkles
rose12
20202020
121087
031089
rosalyn
112288
013579
121985
kuting
121292
12123
121291
121992
121984
202122
121284
040590
040490
031189
twinky
112112
twiztid
rosamaria
5poppin
121991
ulster
121234
urmom1
121187
121185
031289
121191
121190
withlove
sixtynine
rosary
shyann
yolanda1
sorrow
rossana
roses1
rosie123
121091
121092
rositafresita
luscious
witches
121186
040489
rossy
121983
121488
121416
031291
031290
rossi
121294
rosapastel
121206
121093
twinkle1
211288
rosaura
q123456
121205
sixsix
121993
121192
11223
040690
121995
121994
040990
040488
twitch
twista
040989
040591
031190
031088
wexford
121086
040890
witchcraft
sorinel
roshan
noway
220689
121489
1212
121006
urmine
2pretty
121283
121207
121193
slugger
rosalba
Family
121982
121389
040687
121084
withyou
sixpack
roserose
121490
1123456
040589
yvette1
wonderful1
twins1
roscoe1
211090
121085
040788
031288
myname1
040588
112988
112489
040689
031188
301090
220989
121980
1212123
121203
112345
040789
040190
220688
121981
040988
040691
xsiempre
220289
121094
112788
112088
103103
031186
031091
wonbin
220388
121589
12131213
112388
112200
040491
vuitton
031090
rosette
12qwas
112789
040790
040390
031192
slurpee
murderdolls
220988
220788
21122112
130488
121388
040987
040889
040686
220990
220590
112989
thx1138
sixflags
FAMILIA
CHICKEN
211287
121405
121295
112188
040688
040206
031988
2much4u
220288
130988
121887
121106
twisted1
twinkies
roslyn
rosesarered
rose11
121590
121280
112389
103090
040791
031292
wonder1
hysteria
220592
130690
121790
121082
112289
040290
031187
toño
130689
130591
121588
121406
121083
112588
112189
040887
040291
031092
rose13
3p1c1zzle
220890
220389
130387
121200
112589
112387
040486
031087
sorpresa
220889
220591
220588
220490
121390
121184
112889
112089
103188
103091
040991
040891
031106
310789
310589
301089
211088
112487
112391
031987
130989
130688
130588
130290
121690
121689
112688
112191
112186
040587
040487
rossco
rosered
olympus
310790
220290
220188
211289
211189
211091
130390
130289
121890
121688
121293
121202
112488
031989
sorin
301091
220190
130790
130687
121785
121691
112990
112787
112286
112187
103088
040484
twister1
rosetta
rosalind
AARON
301288
301188
220589
211190
130990
130890
130791
121282
1212121212
121081
112890
1122334
040786
040388
031985
031107
031084
soricel
211188
130589
130587
121806
121391
121204
112689
112586
040492
sixteen16
rosina
murder1
310191
301088
220690
130892
130489
130188
121586
112691
112255
031986
022389
rosebuds
nympho
310888
220687
220489
220191
211291
1q2w3e4r5t6y
130691
121705
121587
121121
121105
112006
103190
040792
040188
031206
rosey
CHIVAS1
CHIQUITA
301087
220888
130590
130490
130392
121889
121804
121233
112685
112587
112390
040888
040806
040585
031287
031286
031094
rumble
rosewood
rose16
olympia
121886
121491
121104
112492
112486
112287
112203
031992
031990
zayzay
twinkie1
sully
rosanegra
CELESTE
310890
211086
130389
121789
121606
121487
12141214
040986
031191
yloveyou
rosco1
310388
301190
220390
211987
211092
121977
121788
121787
121786
121080
12101210
121007
112190
040992
040893
040292
031293
031085
tukmol
rosco
rosa123
310892
310590
310588
301289
220891
211085
130592
121805
121791
121213
121003
112887
112505
112092
112090
112086
112004
103089
103085
040892
040407
040391
040387
040289
031086
witch1
stmarys
olympiakos
301287
220991
220987
220789
211290
211286
211187
130789
121979
121978
112987
112886
112290
040886
031193
031184
nowitzki
mynigga
murdock
Chicken
310787
310390
220691
220292
130888
121686
121095
112790
112277
103186
040192
040191
twinboys
rose21
310189
301191
220992
220791
220487
130288
130190
121484
121386
112985
112590
040807
040787
040586
040389
voodoo1
shyguy
310389
310387
220587
220491
211089
1q2w3e4
130889
130487
130291
130189
112490
040693
040692
040494
040485
040406
sixela
301192
220692
220488
211988
211293
1213141516
121004
112991
112684
112591
112503
112392
112384
112285
103189
103087
040306
031185
roshni
rosean
rose22
310591
310190
301186
220985
220790
211093
121687
121605
121387
121281
112687
112386
040985
040593
040493
040189
witchy
vwgolf
rosemary1
310792
220892
220686
211191
130986
121183
121181
112891
112791
040405
031589
twinss
sixty9
rossie
rosita1
rose23
murray1
220187
211292
130391
121996
121692
121279
121103
112805
112785
112185
040608
040207
sixers3
shygurl
rosinha
roseanna
rose08
Celtic
301291
130891
130594
121891
121792
121194
112786
040592
040288
031984
022690
sorcha
310592
301092
220792
220486
220286
211989
130887
130788
130492
130187
121892
121402
112385
112299
112192
112103
040392
031689
031285
031205
031105
031093
twisters
shyanne1
pounce
lsutigers
310587
301187
220787
220192
211986
211211
130987
112983
112087
112005
103184
040187
031194
wonderboy
tuktuk
sulaiman
slugbug
rose1234
CHICAGO
310887
310788
310786
1spongebob
130787
130192
121681
121607
121583
121492
121393
121005
112784
11231123
112091
103187
040684
040508
040483
040286
031006
twincam
rose10
310889
310791
301290
220493
211087
130886
130286
121585
121486
121485
112485
112393
112304
112291
112085
103185
103092
031991
220885
220884
130586
121905
121893
121807
121803
121407
121277
12121989
121182
112986
112888
112885
112690
112305
112293
112283
103084
040707
040606
olympics
310885
301189
220887
220385
130694
130491
130388
121784
121592
121501
12121991
121180
112580
112306
112184
112181
040805
040784
040685
040507
040287
040193
031083
022789
022506
twizzler
shygirl1
rose18
nymphetamine
310391
310192
310188
301286
220986
220694
220392
220294
211192
130692
130593
121888
121706
121685
121603
121503
121493
121415
121296
121278
112892
112592
112491
112484
112480
040584
040293
040285
twiglet
rosendo
rosa12
euzinha
310891
301292
301086
220893
220584
220391
220293
121704
121684
121500
121385
121306
121303
121178
112804
112686
112605
112383
112244
040885
040706
rose14
nymets
310393
310392
301285
220492
220189
211992
130985
130292
130287
121895
121505
121297
1212121
121208
112993
112606
112506
11234
112180
103191
040904
040882
040386
040205
040106
031890
031182
witness
twirler
rosario1
olympic
FAMILY1
CHINITA
301085
220685
220394
220291
130685
130385
121885
121107
112406
112404
112284
103102
040993
040307
031587
031489
031488
031284
031283
031095
022587
022492
rossel
rose15
nwo4life
CAPRICORN
220586
220386
211186
130792
121506
121404
112585
112493
112282
112182
112106
112007
040694
040607
040408
040305
031790
022288
022189
rosey1
rose24
mynewlife
msthang
310886
310785
301193
301093
220693
211294
211094
130693
121997
121906
121793
121694
112792
112682
112584
112205
112204
040785
rosangela
220886
220593
220585
211285
130991
121903
121703
121591
121580
121221
112883
112882
112806
112704
112483
040894
040682
040393
031995
022889
wonderfull
sixsixsix
rosies
CHICHI
301185
220193
211994
211991
130686
121884
121482
112893
112504
112500
11223300
1122
112104
040984
040905
040794
040595
040480
040294
031588
031406
031207
031005
022090
022086
shyshy1
rosieposie
rosiedog
luster
220793
220485
211993
130186
121975
121680
121600
121384
121304
12101988
112905
112807
112583
112479
11241124
112307
112105
103181
040983
031490
031195
022589
zayra
urmum
rosmeri
rosie2
rosepetal
nowayout
301094
1q2w3e4r5
130885
130786
130585
130394
130393
121976
121974
121883
121802
121693
121593
121518
121495
121312
121300
12121990
112903
112895
112292
103081
040804
031983
031486
031181
031007
022487
013189
yolita
yazzie
shyla
rumahku
rosie12
rose19
Aaron
310187
220387
211990
211193
130993
130884
130486
12121988
112884
112705
112294
112143
040906
040884
040808
040186
031390
031294
031204
022688
022588
022190
022089
sulley
slut69
slumber
rose1
rosasrojas
poupee
murdoc
310594
211221
211084
130493
130191
121902
121078
112683
112303
112206
103182
040994
040907
031487
031082
022689
022590
022505
022091
013186
urmother
sultana
roses2
rosella
roseline
pouncer
310585
301194
301084
220984
220786
220706
220285
211984
130984
130893
130583
121224
12121986
121201
121079
112984
112803
112481
112405
112003
103193
103005
040594
040304
031982
031892
031806
031791
031607
031183
022890
022291
013188
013088
wonka
rose07
roscommon
Chicago
310893
301293
301284
220287
220022
211985
211284
130506
130293
121894
121682
121504
121383
121199
121077
12101990
112982
112894
112525
112183
103104
103080
04041988
040105
031905
031687
031590
031405
031388
022385
022087
013181
urmama
twins06
rose05
mynigga1
GLADYS
310394
220295
220186
211205
130994
121907
121904
121781
121075
112781
112702
112692
112281
112234
112202
112093
112081
040895
040605
040505
040107
031789
031282
022792
022406
022387
022307
022006
yazmine
wonders
withoutyou
w1ll1am
urmomma
twingirls
sorriso
rosateamo
rosaria
310593
310193
220185
211185
202526
130894
130793
130684
130494
130193
121683
121481
121480
12101993
112795
112783
112706
112693
112681
112008
103192
103082
103004
040793
040708
040583
040582
031690
022790
022786
022390
022007
013190
013090
sixpence
ross123
rosenrot
rosaroja
rosaly
ownage
noway1
murdoch
luscious1
310895
310793
220785
20202
1q2w3e4r5t6y7u8i9o0p
130285
121783
121594
12151215
121232
12121985
12101991
121008
112906
11281128
112578
112526
112381
112295
112280
112102
103194
103105
103006
040208
031685
031492
031389
031280
031104
022888
022685
022489
022486
022407
013187
yolande
rosehill
rose88
rose17
rosali
rosadito
murda1
lsutigers1
GHETTO
301987
220894
220684
220220
13081991
130795
130785
130581
121483
121403
12121992
121179
12111990
12111987
121001
112793
112782
112703
112379
112193
11201120
031993
031889
031385
022788
022490
022092
022088
twins07
sorrento
slutface
shyboy
rosess
ARACELI
301992
220993
220506
220393
211980
211206
211184
130992
130794
130495
130485
130194
121998
121973
121794
121496
121412
121378
121315
121305
121195
112878
112528
112482
112380
112212
112194
112084
103183
103101
040896
040782
040683
040581
040385
040108
031886
031491
031391
031208
031103
031081
022885
022591
013191
013089
zyanya
twins02
twiggy1
stmirren
shyann1
rossmery
rosel
murderinc
CHILDREN
310386
310194
220794
220395
22031991
22021990
21121990
130707
130130
121898
121799
121707
121595
121507
121298
121196
121002
112794
112502
112400
040795
040783
040204
040196
040185
031994
031792
031788
031785
031686
031506
031296
022886
022787
022491
022488
yxcvbnm
wondergirl
twinks
slutty
slunicko
shylock
rumania
rosicky
rosibel
rosete
rosarosa
rosanne
loyloy
310186
22081991
220606
130695
121702
121494
121395
121394
121177
12111989
121096
12101989
121000
112394
112378
112302
112276
112266
1121994
112100
112083
112000
103179
103094
103079
040981
040883
040503
040496
040482
040284
040183
040104
031980
031705
031688
031605
031591
03101987
022691
022292
022290
022186
tuktik
toñito
sixkids
rosell
rosada
murphy2
kutless
310884
301182
220906
220707
220384
220383
220207
211995
211282
21121989
202529
202528
130883
13081990
130806
130784
130484
130386
121880
121782
121695
12161216
121581
121417
121392
121382
121380
1213456
12121995
12121993
12101987
112992
112981
112582
112527
112396
112123
112099
112082
103086
040995
04091986
040409
040394
031981
031386
03121990
031203
022605
022405
022388
022185
013184
wonton
twins05
twinkle2
sullivan1
rose09
dwyane
JAIME
CELTICFC
310595
30101991
220482
220194
21101989
211007
1q2w3e4r5t6y7u8i
130983
130407
12qw34er
121899
121882
121604
121602
121582
121502
121479
121401
121400
121276
121275
12111992
112880
112780
112593
112478
112477
112382
112311
112131
11211121
1121
112002
103100
04091990
040880
040809
040495
040481
04040404
040194
040184
031786
031403
031277
022891
022805
022791
022686
022507
022393
022287
022107
022104
022084
twiztid1
twinklestar
sully1
sorry1
shyne
roswell1
rose25
rose143
noworries
nowayjose
murielle
CHINGY
CAPRICORNIO
310586
310384
301993
220494
220406
22031990
22021993
220195
211082
130584
13031991
13031990
130185
121800
121584
121579
121299
12121987
12111988
121102
121101
121100
112904
112407
112401
112399
112377
112279
112198
112107
112094
103099
103007
040996
040781
040705
040695
04061992
040596
040504
040182
031996
031805
031706
031485
031407
031279
031196
03101990
022693
022606
022592
022586
022384
022191
022187
yazmin1
twirling
twinny
rosie11
rosemae
rose01
rosalee
rosal
mynameis1
muresan
310385
310310
301985
301130
220994
22091988
22051989
22041991
21121992
21111988
130306
12181218
121801
121618
121578
121577
121379
112679
112603
112408
112300
112278
112233a
112233445566778899
112178
103083
040982
040704
040604
040602
04041990
04041986
040403
040384
040308
040295
040283
031904
031692
022207
022202
six666
shy123
rosela
murphy123
CHINA
AARON1
310584
301988
301986
301295
220983
220783
220683
220582
220495
220296
220284
220184
211982
211083
211006
202520
20212021
130995
130982
130895
130406
130184
121780
121516
121408
121381
121307
1213
121230
121197
121076
112696
112594
112507
112403
11221
04081993
04061991
040580
04051987
040509
04041991
04041989
040383
04031989
040296
040195
031887
031691
031584
031503
031305
031281
031179
031004
022892
022807
022806
022804
022785
022484
022391
022386
022289
022285
022192
013092
013087
xplayboyx
twizzlers
sorana
sixsix6
sixers1
rose89
CELULAR
310706
310383
310195
30101993
30101990
301006
220981
220907
220806
220784
220595
220407
22021997
220202
220196
220106
21101990
21101986
1number
13091987
130383
130382
13021990
121779
121302
12121994
12120
12101992
12101985
112898
112524
112501
112494
1121992
103106
103093
040881
040502
040395
040109
031907
031888
031586
031303
022803
022585
022303
013091
013086
013013
zayzay1
twins22
twinkie2
twingo
soria
rossoneri
rosedale
rose28
rosaelena
poulette
310894
301106
301095
220995
220782
220705
220695
22051987
220496
220484
220206
21121
211194
21111989
21101991
1nurse
130683
130582
130295
13021987
130205
130195
121969
121879
121508
112977
112902
112778
112694
11261126
112530
112495
112358132134
112207
112197
112101
112001
103196
103195
040879
04071987
040681
04041985
040396
040279
04021988
031979
031893
031804
031693
031683
031387
031295
022687
022607
022106
yazzy
sixfeetunder
rose77
rose04
rosarito
pounds
lusiana
CHIKITA
CELTIC1888
69eyes
310582
31051990
301294
301205
301184
301030
22091989
220607
22041987
220396
211983
211295
21121988
211195
202202
2020
130904
13071993
13071991
13051992
130395
130384
13031303
130307
130204
130106
12191219
121896
121599
121512
121399
121396
121274
121176
12111211
121099
112801
112707
112600
112508
112077
103078
040803
04071989
04071988
040696
04051989
04051988
040203
040181
04011989
031978
031977
031891
031787
031703
031606
031583
031580
031504
031392
031383
03121992
022802
022706
022684
022683
022584
022302
022206
022188
022184
022005
013185
rosses
roshelle
rose87
rose26
rosadita
rosa13
q123456789
q1234567
p@$$w0rd
murphy12
Aaron1
310795
31071991
310583
301989
30101987
220883
22061991
22051992
220307
220283
220105
211996
211080
13081308
130783
13051991
13041989
130380
13031992
130183
121881
121878
121701
121679
121596
121517
121377
121316
121231
121228
12121984
121108
121098
121097
112978
112900
112799
112700
112695
112596
112201
103003
04091989
04051991
04051990
040381
040103
031602
031593
031393
031384
031306
03121994
03121991
031079
03101991
022887
022784
022704
022692
022583
022485
022306
022282
022004
013084
twist
twinturbo
twin12
slut
shylah
roshell
myname2
murphylee
CHICKEN1
310184
301990
301195
301096
301004
22091991
220795
220282
21121993
21121985
211212
211183
202120
130805
13071987
13061989
130294
130196
121876
121820
121478
121269
12111993
12101986
112980
112779
11222
112195
04081990
04081987
040680
040603
04051993
04051985
040498
04041994
031885
031408
031178
031080
022783
022694
022383
022286
022002
013104
zeus123
twinky1
slugger1
six6six
rositas
rosine
rose7673
rose69
rose06
poupou
Family1
8thgrade
31081988
310395
310196
310185
310181
30123012
30121991
301081
30101992
220982
220483
22041992
22041990
22031988
22021991
211283
21121994
21121991
211202
211106
211095
211081
21101993
202530
130906
130882
13071988
13051994
130505
130481
13021988
121971
121696
121498
121477
121418
121223
121214
12111985
1210
112994
112907
112877
112811
112800
112796
112607
112376
11223355
112208
1121993
112199
112111
112079
103180
040779
040702
040609
040478
040303
031906
031894
031707
031684
031592
031180
031096
022992
022988
022707
022595
022382
022181
022085
022083
013195
wonka1
wondering
urmom123
twins123
twins08
twins04
sulema
sorted
rostro
rossignol
rosie01
roses123
rosely
rose55
rose03
roscata
rosaline
riyadh
poupoune
poulet
pouchon
nowell
murphy01
Familia
400000
310883
310794
31071989
301994
301280
30121992
301103
301083
30101989
30101988
22091992
22081989
220805
220781
220505
220504
220405
220208
211200
202527
13061990
130606
13041991
13041987
130282
13021989
13011987
13011301
121808
12171217
121428
12125
121220
12122
12121983
12111986
12101994
121012
112701
112678
112601
112519
112402
112301
103095
04091991
040902
040709
040597
040479
04041995
04041992
04041987
040282
031976
031908
031795
031794
031594
031585
031507
031505
031304
03121987
031199
03101989
03101984
022708
022604
022494
022284
013193
yuffie
wonderwomen
twinstar
twins12
stmary
sorento
shyanna
roseonline
rosenda
roselove
rosebush
rose92
rose20
rosabel
mynumber1
murat
kutie
kutcher
Packers
PACMAN
310782
310307
301991
301283
30121994
301207
301203
301180
301082
220882
22081987
220780
22071990
22061993
220580
220308
22021992
22011990
211207
21101992
130781
130780
13071990
13061985
130605
130580
130507
130482
130332
130206
130181
130000
121901
121877
121875
121824
121700
121678
121608
12141989
121272
121111
12101982
112879
112875
112802
112604
112599
112579
112529
112411
112395
112369
11235
112108
112096
103107
103096
103002
040978
04081992
04081988
04071991
04061993
04061989
04061986
040401
04011991
040102
031807
031784
031782
031381
031197
03111991
03110311
031078
031008
031003
022808
022594
022482
022408
022392
022194
013192
013085
urmylove
twinz
twin02
sluggo
shyra
rumple
rosie3
rosie13
rosesrred
rosemount
rose95
rosalie1
poussin
pourquoi
poupette
nympho1
nowhere
mynewpassword
murphy13
murderer
murcia
ix3you
PACHECO
GLAMOROUS
Chiquita
Chicken1
Capricorn
31081992
31081991
31081989
31031987
301984
301183
30111987
301105
22081992
220804
22071989
22061990
220581
22031989
220183
211234
2112
21111993
21111986
211107
130996
13091990
130782
13061992
130480
13011990
12qwerty
121972
121908
121677
1215225
121514
121273
121271
12121980
121211
12111994
12111991
121032
112979
112881
11271127
112597
112581
112475
112274
1121991
11211
112078
112076
103198
103076
103010
040897
040800
04061987
040280
040202
031883
031808
031802
031682
031278
03121989
03101986
022908
022884
022608
022404
022308
022305
022300
022103
022080
013182
witchy1
twins3
twilight13
rosiel
rosiee
roselin
roselia
rose33
rosado1
rosa1
p@$$word
orsika
nowayman
murphy7
moxita
loyalty1
kutiepie
dwyanewade
MAFER
Glamorous
Celeste
310857
310783
310382
31011990
31011989
301282
301230
30121989
30121986
30111992
30111990
301080
2muchlove
22081994
22081990
220796
22071994
22071993
22071992
22061989
220583
22051990
220507
220481
220305
220303
22011988
220107
21101994
1space
1q2w3e4r5t6y7u
130981
13091991
130680
13061987
13051986
130500
130379
130283
13021992
121999
121900
121897
1218
121697
121576
1214
121321
121245
112708
11251125
112476
112308
1122345
112177
112122
112098
112095
112080
103001
040979
040977
040903
040801
040780
04021991
04021990
04011994
04011990
031884
031708
031604
031596
031484
031481
03121988
031177
03111989
031102
031100
031098
03101988
031001
022508
022493
022205
022193
022008
ylonen
wonderbra
without
withintemptation
witchblade
veyron
twintowers
tukta
sorensen
shyness
rosmary
rosie5
rosie4
roseville
rose93
rose91
rose27
rose101
rose02
mynana
muruga
NAENAE
ECLIPSE
CHIQUI
31071994
31071987
31031990
31031988
301276
30121990
30121988
30121987
2princess
220895
220682
220680
220608
220594
220205
220204
220182
220108
211231
21111987
211079
21101984
202531
20212223
202010
130907
130905
13081993
13081986
130608
130595
13051990
13051987
130483
130408
130284
130280
13021993
130107
121970
121822
121699
121673
1216
121476
121425
121318
121301
121267
121229
121210
121198
12111984
112995
11291129
112901
112876
112808
1127
112602
112595
112568
112532
112522
112497
1124
1122333
1121990
103197
103178
103075
040802
04071990
040701
040382
04031988
04021989
040209
031783
031781
031595
031483
031479
031382
031307
031276
03112007
022896
022705
022682
022502
022477
022294
022105
022082
013093
013006
zaynab
yolamejor
within
withers
withasmile
witchs
twizzle
twitty
twin
twilight12
sorsogon
soraya1
slutbag
shygurl1
ross12
roslan
rosebud2
rose2007
rosapink
rosablanca
rosa23
rosa15
rosa10
murugan
murphey
JAIDEN
CHINO
CHIKIS
ADOLFO
310882
310784
310780
31071993
31051989
301206
301107
301079
30101994
30101986
220978
220903
22071987
22071986
22052205
22051993
22041993
220408
220306
22021989
22011987
220103
211296
2111993
2111988
211111
21101987
211008
202021
13091994
13091309
130880
13081988
13071992
130682
13051988
130496
13031993
13031989
13021302
121967
121874
121719
121718
121499
121475
121376
121308
121218
121209
1211988
121174
12111995
121074
12101984
112897
112797
112680
112577
112520
112511
112297
112275
11223366
112175
112121
11212
112074
103177
10301030
103000
040908
04081986
040797
040679
040678
04051992
04051984
040501
04031993
040302
040281
031997
031903
031881
031704
031694
031579
031404
031297
031202
031108
03101985
022882
022880
022796
022793
022678
022503
022495
022483
022304
022183
013183
zyaire
yolis
urmom!
twins4life
suleman
sorceress
sorcerer
soraida
sora123
sixty6
shyone
rumors
rosnah
roslin
roses12
rosemay
roselynn
rosebudd
rose1994
rosa1234
rosa11
nymets1
murtagh
murphy07
lyons
lusitano
GALAXY
FAMOUS
Eclipse
Cleopatra
Celtic1888
99bananas
5pointstar
310881
31051992
310506
31011992
310107
301301
301279
22091987
220896
22081988
22061995
22061994
22051991
22041984
22031995
22031992
22031986
22031985
22021987
220203
22011985
211281
21121986
211180
13091993
13091986
13091985
13081987
130807
130706
13061986
130479
130404
130333
13031988
13031987
13021985
130207
121712
121708
121625
121523
121421
121375
121255
121222
1211990
121175
121131
1211
121031
121030
121029
121026
112896
1128
112776
112699
112677
112575
112573
112397
112373
1123
112296
112233123
1121989
112196
112179
04091988
04091985
040878
040877
04081994
04081991
04081989
040703
040677
040477
040399
04031992
04031986
04021986
031898
031701
031678
031502
031269b
03121993
03111985
031031
031025
022895
022680
022504
022208
022182
022178
022081
022003
013082
013081
zaynah
wondergirls
vuitton1
urmom2
twink
suleiman
shybaby
roster
rosman
roskill
rosemarie1
rosebud123
rose97
rosalin
rosales1
rosaleen
myniggas
murasaki
murano
murali
lushus
kutilang
CLEOPATRA
5point
31081993
310800
31071992
310596
310331
31011988
310104
30121985
301181
30111994
22091993
220905
220879
220878
22071991
220696
220603
220597
22051988
220380
220279
22011986
211981
211276
21122007
21121987
211182
21111991
202325
202123
20201
1tommy
13091989
13061993
13061991
130596
13051989
130305
130182
13011992
13011988
13011986
121965
121828
121812
121795
121698
121676
121619
121598
121374
121319
121236
12122003
121123
112974
112871
112533
112375
1121987
112176
11211710
112097
10311031
103072
103008
040901
04081995
040778
040676
04061990
040600
04041993
04041984
04031991
040299
04021993
04021985
040180
031909
031577
031498
031496
031396
031323
031308
03120312
031130
03111987
031002
022984
022781
022780
022681
022679
022677
022600
022582
022496
022479
022396
022381
022293
022204
022195
022095
zayden
yolotzin
yolinda
xplosiv
witchie
tyger1
twitch1
twinz2
twinsister
twins03
twinkles1
twinkle12
twin2
stmichael
sixto
sixnine
rossini
rosie7
rosie07
roshel
rosema
roseland
rosegarden
rosecute
rosebud7
rosalva
rosaluz
p7m66l1n
lusifer
loyal
j55555
FAMOUS1
DIGITAL
Chicago1
CHIQUITO
8simplerules
5POPPIN
310896
310806
31071990
310707
310378
301296
301281
301208
30111995
30111989
301031
301007
220980
22091994
22091990
22091983
220881
220629
22061987
220533
22051986
220280
22021988
22011992
21132113
211232
211230
211196
211133
21111992
211096
211031
21101988
211005
202525
202428
20232023
130800
130779
130730
13071994
13071989
130696
130681
130432
12161988
121617
121601
121528
121497
121426
121424
121345
1212345
121227
121226
12121996
12101983
121011
112911
112711
1126
112598
112523
112498
112470
1123456789
112174
112011
103176
103077
04091992
040909
040796
04071994
040698
04061995
040578
04051994
040397
040197
04011995
04011987
031800
031681
031608
031582
031508
031482
03111984
022904
022893
022782
022593
022580
022579
022179
022079
013105
yzabel
yolonda
xplicit
wonderpets
witty
urmama1
tyger
twirler1
twins2005
twinkel
twin22
twin123
twilight4
tukana
sorrell
rosse
rosiecat
rosie22
rosie05
roshane
roses4me
roseli
rose44
rosari
rosangel
rosaazul
ppteamo
nowornever
noway123
murphy11
murmur
moxie
MAFALDA
Ichigo
FAMILY4
ENAMORADA
Chivas
98civic
310831
31071986
310580
31051994
310131
31011995
30121993
30111986
30101995
2precious
2muchfun
220930
22091986
220904
220877
220808
220596
22041989
220382
22031993
220304
22021983
22012201
22011989
211203
211004
202524
20222022
2020202020
1united
1spike
1nuyasha
17love
130978
130976
13081989
130802
13071986
130607
130579
130530
13041985
130381
13031984
130296
130230
13021980
13011995
13011989
130101
12187
121819
121776
121775
121628
121627
121612
121471
121397
12131988
12123434
12121981
121212a
121132
121129
121073
112999
112997
112534
112518
112499
112327
11225
11211987
11206
04091993
04091987
040899
04071995
04071992
040697
04061994
04061988
04061985
040601
04051981
04031994
04031987
040309
040278
04021994
04021992
031880
031879
031695
031603
031578
031395
031378
031175
031099
03101993
022894
022883
022879
022779
022596
022528
022295
022109
022102
0134679
013179
witeout
witch123
voorhees
urmila
twixie
twitchy
twister2
twins2006
twinmom
twilight7
twilight17
sultan1
sp1derman
sora12
slumdunk
sixpack1
sixpac
rumba
rosieb
rosero
rosemont
roseflower
rose99
rose96
rose85
rose1995
rosasnegras
rosan
rosa22
poutine
ozkar
orsolya
my.space
murphy21
lyoko
lushlips
h8ters
Glamour
Chingy
CHISPA
CAPSLOCK
ADONIS
310880
31081994
31081990
310807
310805
310581
310579
31051991
310508
31031993
310306
3101992
31011991
301995
301231
301204
301176
30111991
301032
30101985
30101983
301005
2muchluv
220807
22071995
220703
22061992
220579
220577
22041994
22041988
220379
22032203
22031994
22021994
22021986
220181
211979
211978
211275
21121995
211208
211201
2111991
211181
21111990
211105
21102529
211003
20292029
20262026
202521
202326
202324
202006
040829
040699
04061996
04061984
04050405
040500
040379
040301
040179
040177
04011985
031998
031809
031803
031796
031793
031700
031697
031493
031380
031200
031174
031109
0311
03100310
