superstar
pussycat
242424
14344
143143
superman1
1435254
080808
161616
134679
supergirl
rowena
pussy
super
wordpass
spunky
outlaw
sylvester
sylvia
pussy1
323232
my2kids
superstar1
superpets
my2girls
my2boys
wordlife
143444
224466
super1
supernova
143445254
pussycatdolls
osvaldo
utopia
superwoman
143445
332211
worship
supernatural
whynot
242526
myrockyou
outkast
superfly
134679852
pussy69
143637
rowell
22446688
suplada
404040
supermodel
superduper
spurs
JAMES
170845
superman2
supersonic
myrtle
superjunior
161718
myriam
24242424
supreme
i<3you
4221466
supercool
superboy
supersexy
080888
pussys
pussycat1
080989
125125
spunky1
071189
superpet
supergirl1
080890
working
supermom
supermario
superhero
superman7
zoolander
slytherin
080690
superior
25192519
143341
152535
251090
superman3
superman12
143love
outlawz
251188
080889
suplado
zoomzoom
supers
spurs1
outlaw1
251089
143jesus
071188
myrock
tourism
poypoy
080390
071288
support
080988
071190
260691
supercute
my2babies
170889
071089
071088
outlaws
1stlove
080891
wordup
outside
071191
071187
ASDFGH
080805
080489
071290
wordpass1
071192
080990
080885
LAKERS
161090
080806
080490
world
my2sons
161189
161188
080488
080391
supastar
170988
080590
080289
rowing
251289
251189
161992
080492
James
251288
1stunna
080892
080689
080190
251988
251088
161288
080592
071989
071988
JAMAICA
260688
251191
161990
161290
143441
071291
touchdown
224488
161989
071289
071092
worldcup
superfreak
JAMES1
25182518
251290
251091
170990
080887
080886
sputnik
170389
14324
080987
080587
071090
superchick
260588
251287
080992
071986
071186
superbitch
ASDFGHJKL
5211314
251187
161187
080790
080389
080290
080188
superman23
puspita
260490
251989
080787
080706
080291
170892
170790
170590
080591
080191
071287
260990
260686
170290
170190
16161616
161291
13456
071091
supladita
260690
170987
170289
161987
080894
080487
pussy2
260889
260590
251292
170890
170789
161087
143143143
080986
080884
080589
080388
toulouse
outback
251192
251190
161991
143443
080491
071086
sylvie
260789
260190
161289
143446
125478
080807
080788
superb
rowdy1
pusspuss
outcast
260989
260489
260389
260188
170788
170690
170688
170591
170489
170388
080880
080192
pusing
ANITA
260988
260689
251086
170689
170589
170288
161089
260488
260290
251186
251085
161191
161091
161088
08080808
080288
superman13
superman11
superman!
super123
260589
251991
161986
080907
080906
080791
080688
080506
071990
071987
zooyork
260790
260391
251987
161190
143442
080804
071184
062989
superman21
myroom
305305
251285
251193
170189
152207
134679258
080605
071087
062406
sylvia1
rowland
260591
170490
161093
080793
080588
080392
071185
whyme1
260888
260491
170887
080292
071206
touchme
superman5
CATHERINE
260892
260189
251986
080693
080687
080393
071292
071286
whyme
260791
260287
251286
170592
080792
080593
080406
Legolas
Lakers
260991
25132513
251291
251087
170992
170487
170191
161994
14321432
080692
071285
071106
zoozoo
superman123
260390
25172517
251185
170787
170588
161988
161193
080994
080691
080294
080189
071984
062589
Catherine
260493
251200
170993
170991
170792
170492
170491
080786
080493
080287
071284
071203
071085
spurs21
pussy123
251094
170687
170392
170287
161286
161186
080991
080306
071107
071007
wulandari
wulan
260987
260788
260687
260292
224455
170989
170891
170786
170488
170390
161993
161292
080993
080985
080893
080789
080606
touch
superman22
rowley
260387
251990
25142514
215487
1stlady
170693
143256
12541254
080686
071589
062488
062089
supremo
supergurl
outubro
my2angels
JAMIE
260685
260487
251205
170791
143god
071293
071183
superdog
super12
spuddy
260985
260891
251992
251092
080984
080803
080394
080104
071982
071790
062788
062391
worship1
myrna
260692
260486
260392
260388
260191
251995
143440
143123
080802
080586
080308
080187
071985
071590
071294
071006
062289
workit
outsider
outrageous
ASDFG
260986
260886
260593
260291
260289
25112511
170486
170286
170194
161995
161285
125678
080585
062987
062505
worthy
whyme?
superman4
rowdy
65mustang
260693
260192
251206
251106
170986
170984
170893
170587
170586
170391
170292
143baby
143214
080895
080694
080486
080386
080185
071588
062686
062290
053087
supervisor
superman8
James1
260186
25162516
251093
170888
170885
170188
161194
161086
080794
080107
062490
workout
superme
pussycats
lyssa
260890
260785
251993
224422
161185
080293
080106
071688
071489
071407
062790
062389
062189
062090
superman69
rowan
MIBEBE
260606
251293
25102510
170186
12589
080584
080494
080407
080206
080193
071506
071205
071193
071082
toutou
pussycatdoll
pussinboots
251194
242528
170894
170293
161984
161294
161287
125689
080785
080685
080387
080194
071983
071283
071207
071182
071105
071093
062990
062590
sylvester1
supergal
outsiders
521521
260894
260786
251985
170192
080705
080395
080305
080283
080108
071993
071194
062988
062287
053189
super8
260893
260885
260293
260286
251207
251184
251084
17081945
170593
161206
161092
080905
080485
080385
071789
062489
053190
worlds
supra
superstar3
superman01
superdude
supaporn
myron
Jamie
260494
260492
260484
260187
25122512
161293
080883
080208
080186
071906
071084
062690
062301
062293
062006
word
supper
super7
pussie
260984
260887
251984
251182
170785
170692
170594
134567
080982
080881
080684
080594
080285
080280
071991
071104
062890
062591
062491
062088
053188
worldofwarcraft
superstar2
supafly
i<3him
ASD123
512512
260592
260385
260288
251982
251107
170985
170793
170784
143244
1346798520
080896
080507
080105
071490
071390
062991
062288
062286
062191
062003
supertwins
superman10
supercali
pussy12
my2boyz
5121314
260994
25152515
251284
170691
170584
161982
16101992
14325
080908
071992
071587
071406
062306
outkast1
myranda
Jamaica
260992
260792
25101990
251006
242524
1steven
170284
161284
143chris
080983
080882
080495
080307
071994
071389
062803
062604
062103
053088
worldpeace
workshop
supra1
superman07
superfly1
superbowl
supaman
sovereign
CATDOG
305mia
260587
26041990
251994
251979
1stborn
170886
170682
170585
170394
170387
170386
161184
143mom
080903
080583
071727
071484
071295
071181
071180
062689
062388
062387
062202
062185
053191
053091
world1
upsidedown
superman14
superlinda
superestrella
rowel
pussykat
REALMADRID
260386
260193
170695
161192
161182
152526
1346795
080902
080505
080408
080405
080103
071605
062691
062492
062188
062187
zoomer
superstars
supercat
LAKERS1
260806
260393
260185
251983
251283
170994
170685
170493
170393
170291
170207
16121991
161106
16101990
143mike
143448
116116
080608
080595
080508
080184
071889
071788
071787
071690
062785
062487
062285
062091
062007
053089
wwjd4u
worldlife
superman.
qpwoeiruty
CATALINA
260983
242527
170783
170484
170385
14371437
134134
080979
080607
080504
071491
071204
071195
062789
supladitah
superstar7
superstar!
supermen
sup3rman
pussylicker
260787
260586
260585
2424
233223
161084
143447
107107
08091989
080901
08061989
080603
080503
080384
071791
071004
062606
062485
062390
062190
upsilon
superman08
superchica
super2
260295
251980
251183
25101988
170895
170193
161985
161295
16101991
143iloveyou
143567
125874
080783
080704
080683
080681
080404
080396
080304
080203
071890
071706
071591
071487
071083
062888
062693
062588
062393
062384
062284
062087
053086
zooyork1
worker
superman15
superinggo
super3
spurs123
pusakal
260793
26071991
260394
251105
242628
242530
170495
170187
143456
080879
080604
080484
080205
071981
071980
071488
071388
071094
062889
062806
062804
062791
062687
062592
062381
062307
062291
062106
062004
053187
053090
y3llow
words
superstar5
superpoderosa
superman6
superdave
superbabe
25121991
24252425
170983
170807
170506
170395
170384
170295
170185
080981
080483
080286
080207
071806
071687
071604
062886
062787
062688
062587
062206
062186
008008
worthless
sylvain
superhuman
outlook
ivyivy
260884
260694
260684
260485
251204
170806
170694
170686
170683
170294
170285
161094
152525
143135
080795
080784
080581
080295
080195
071979
071689
071179
071177
062906
062699
062685
008800
wwjd
superpower
superman06
supercow
superbad
super5
super4
super13
pussyeater
pussy3
ivyjoy
260695
26061990
260507
26011986
251203
215215
170883
16121987
16101988
152529
152524
152025
143you
080995
08091990
080707
080696
080302
080196
071805
071482
071405
071280
062994
062786
062204
062107
053192
053103
super11
pussy6
my2dogs
ANIMAL
32323232
314314
26081992
260794
260784
260683
260194
260108
25121989
25121988
25101993
251007
251005
170583
17051991
170494
170483
161996
161207
15241524
143777
143000
080904
080898
08081986
08041990
071891
071306
071278
062986
062891
062883
062793
062586
062503
062486
062405
062385
062182
yzerman
wullie
workhard
superstar4
superman9
supercross
pussy5
ivyrose
BAUTISTA
800800
260993
260795
260384
260182
251083
25101991
224236
170884
170595
161821
16121992
16121989
16111989
1434456
14321
080878
08081990
08081987
08061988
080596
08051990
080382
080284
080281
071887
071885
071807
071707
071691
071505
071282
071281
071096
062993
062392
062386
062292
053186
zeynep
whywhy
utotmo
tourniquet
superg
pussylover
j8675309
323323
260982
260595
260383
260294
260183
25121993
25121992
22442244
1stunner
170707
170684
170485
170206
161820
143888
143666
143555
080877
080809
080800
080480
080183
071705
071607
071606
071592
071485
071421
071385
071095
071081
062892
062885
062782
062506
062494
062001
yopyop
supermom1
superman18
supercars
super*
pusssy
LEGOLAS
Animals
26061991
260483
26041988
26031987
260206
260195
251996
25191976
251082
251008
170307
170195
161082
1434ever
08091991
08081992
08051987
080502
080482
080402
08031990
080204
08011987
071996
071978
071884
071686
071685
071486
071393
071391
071386
071005
062984
062981
062905
062585
062504
062493
062483
062104
062008
062005
zootycoon
yzerman19
worldwide
worldwar2
worcester
sylvania
supersuper
superstar123
superr
superbike
slyvester
pusycat
pussy7
myryan
3141592654
260896
251281
242529
24242
17091992
17081990
170808
170606
17041991
170306
17011992
161980
161282
16121994
16121990
161205
161180
16111992
152530
143jason
13456789
125634
08081991
08081989
080703
080496
080481
080303
08021990
071903
071784
071586
071394
071208
071108
07101988
062893
062887
062480
062479
062382
062086
wwjdwwjd
workout1
toujours
supriya
superted
superman24
superman16
superchivas
super6
super14
pustoaica
pussy101
pushpa
5121990
260996
26071990
260681
260584
260580
260506
260285
260284
26021990
260196
260181
251295
251282
25121990
251081
25101989
242525
17091987
170805
17041987
17021991
170107
161181
16101987
152008
143247
1432
12521252
116688
0o9i8u7y
080876
08071992
080695
080383
08021993
080202
071995
071886
071792
071583
071404
062983
062907
062692
062507
062303
062184
062084
053092
053085
whyme2
sylver
sylvan
superwomen
superstar12
supersaiyan
supernena
super10
pussies
outstanding
myrose
COFFEE
ANIMALS
521985
26061987
26051991
260381
26031991
251125
25111991
251096
224433
17091991
170881
17081989
170782
170582
170407
17031992
17011991
161983
161195
161107
143ryan
143john
143james
143david
14356
14331433
14322
08082008
08081994
080782
08071989
08021989
071883
071793
071704
071692
071683
071392
07121989
071080
071008
062982
062884
062682
062681
062581
062580
062404
062403
062102
053184
053079
wordup1
word123
toushiro
touro
supreme1
supply
superman33
superman17
superm
superhot
soviet
pussyhole
pushit
myromeo
lysander
CLIFFORD
260883
260407
26021988
233233
170981
170905
17081992
17081991
17061990
170605
170505
170000
15261526
15251525
15201520
143mark
143josh
14301430
080897
08081988
080680
08061991
080582
08051991
08051985
08031987
08021987
071894
071786
071693
071595
071198
062882
062792
062706
062703
062582
062380
062092
053105
zoology
yopis
workman
sylvana
supert
superkid
supergrl
superganda
superd
superally
qpwoei
pushkin
poyito
outback1
my2loves
JAMAL
GLENDA
Catarina
314159
260981
260783
26071988
26061992
26051994
26051989
260482
26031990
26031989
26011990
251294
251195
251181
251179
25111989
25111986
251079
25101986
1strawberry
1stkiss
170880
17071989
170706
170705
17061991
170482
170382
17021993
161296
161281
161183
161095
161085
16101989
152528
152152
143forever
14323
080910
080900
080875
080602
08041992
080282
071893
071594
071584
071504
071387
071384
071279
071202
062985
062781
062583
062484
062407
062305
062207
062205
062195
062183
053084
053006
yopuedo
toughguy
supras
superstar9
superstar8
supernova1
superdragoes
supercar
super!
supattra
puspus
outbreak
j7777777
Clifford
Aubrey
800000
521990
341987
305miami
260781
260707
26061994
260594
26051987
260495
26031992
25141971
251280
25121986
251104
170980
170896
17051992
170480
17041990
17031989
17021994
161514
16121985
161204
161005
143dad
143333
080980
080873
08071987
08061992
080500
08041993
080401
080377
08031989
08031988
080296
080180
08011991
071908
071882
071781
071493
071401
071277
07121991
07121990
07121987
071196
062783
062694
062602
062584
062383
062282
062105
supertones
supersam
superj
superior1
super22
slyfox
pussy!
myrtlebeach
myrtle1
Reading
Animal
3puppies
341988
332233
260895
260804
26061989
260583
260508
25121987
25101994
25101992
25101987
242522
23322332
224224
1stupid
170982
170882
17081988
170796
17071992
17061993
17061989
17041989
170381
170380
17031991
170305
17021990
170183
16111987
152030
143justin
143babe
14369
125896
12581258
08091988
080682
08061985
08051992
080509
080380
08031993
080309
08021995
080182
071892
071888
071684
071585
071507
071302
071103
07101990
07101989
07101987
062881
062707
062705
062605
062593
062495
062193
062192
062085
zookeeper
wwjd777
touchmenot
support1
supermonkey
superman19
superfashion
superdrug
superchic
spurs20
pussyy
outdoor
my2cats
MY2KIDS
CATHY
CAT123
5121989
431987
2mylove
26091988
26081989
260807
260607
260405
260396
260382
26021992
26011991
260107
260105
25171974
251095
224236248
1runner
170795
17071986
170696
17051993
170404
170296
17021988
170205
170184
17011987
16171617
1616
16121988
161083
16101994
161006
161004
15253545
152531
152527
14354
080996
080977
08091992
080796
080779
080708
08061984
08051995
08051989
08051986
080497
080381
08031992
08031991
080301
080197
071905
071785
071483
071102
071078
07101993
071003
062995
062992
062779
062695
062683
062481
062308
062294
062281
062278
062203
062181
062108
062093
062083
053193
053185
touchit
toucan
supsup
supersweet
superman20
superglue
superbaby
rowling
rowie
pussy22
pussy13
poynter
m3xican
lysette
ANIYAH
800008
26091990
260796
260782
26011993
251981
251975
251180
251178
25111988
25111982
251080
251078
251031
25101985
251003
24282428
242531
242007
17091990
170879
17071990
170608
17051987
170406
170282
17021989
17011989
17011988
16121993
16111988
161080
16101993
152532
152515
15231523
143joe
143ilu
143eric
143angel
143alex
134625
1251993
0o9i8u
080976
08091987
08091986
08071986
08061993
08041988
08041987
080403
08021991
080181
080102
0800reverse
071902
071783
071581
071503
071480
071197
062980
062808
062807
062684
062296
062009
062000
053195
053178
y3ll0w
wordlife1
whynot1
touchdown1
suprise
suprax
superman28
superman09
superking
superficial
superdiva
superbad1
supawadee
supadupa
spunky2
spunk
pustiu
pusscat
outcold
myrules
NEENEE
James123
AUBREY
5121988
260980
26091991
26091987
26081991
260805
26071995
26071989
260682
260496
260479
26041993
260307
260283
260207
251997
251800
25151972
251251
251177
251033
251025
206206
17091988
170704
17061987
170581
170507
17021987
17021702
170196
170182
170170
17011993
161979
161977
161229
16111991
16101986
16101984
152000
143sam
143jay
143bhe
143700
1434454
14344143
12569
08090809
08081995
080780
080777
080678
08061987
080579
080501
08031994
08021988
0800001066
071804
071803
071708
071681
071582
071492
071304
07111987
07101994
07101992
07101985
07101981
062908
062896
062880
062696
062594
062509
062482
062400
062395
062304
062194
062094
062079
053194
worley
utopia1
upstairs
superyo
superstar6
supersexy1
superman88
superman55
superleeds
superkings
supergirl7
supergals
super69
suparat
spurs4life
spurs12
spuds
rowrow
rowan1
pussyman
pussy4me
outlandish
outlander
myron1
ivycute
ivy123
Catalina
CATARINA
611993
521992
521989
521987
40404040
341990
260906
26071992
26071987
260708
260696
260605
260596
26051990
26041987
26031993
260306
26021991
26021985
260184
26011987
260106
251233
251230
25121983
251196
25111994
25111990
25102531
24262426
224477
170995
17091989
170906
17081987
17081982
17071991
17071984
170681
17061983
17051990
170496
17031987
17031986
170208
16121986
161176
16111990
161104
16101610
15271527
152533
152523
152522
143823
143525
14345
143420
143245
143007
1346790
134652
125698
08091994
08081984
080709
080679
080677
08061990
080580
080578
080577
08041986
080379
08021992
080209
08011989
08011988
071972
071881
071880
071794
071679
071403
07111989
062801
062795
062678
062676
062600
062378
062283
062280
062279
062277
062197
062095
062082
062080
062078
053182
053094
053004
zoomzoom1
worthington
working1
toughlove
touche
supperstar
supperman
superspurs
superman99
superman77
superman26
superman25
superk
supergoku
super9
spursrule
pussy23
outfield
ASDF1234
611611
413413
26091993
26091986
260908
260907
26051988
26031985
260305
260304
260280
26021989
26011988
251296
25121984
251130
25111993
25111992
170794
17051994
17051989
17041988
170283
161824
16121612
161128
16111986
161105
161103
161032
16101985
143nick
143brian
143222
1258963
125412
08081985
080781
08071995
080702
080701
080697
08061982
080600
08041991
08031985
080279
080178
080176
08011993
071976
071904
071695
071682
071680
071580
071479
071402
071307
071297
071296
07121988
071201
07111992
07111986
07101991
07101983
062996
062878
062805
062802
062784
062608
062379
062179
062178
062081
053093
053005
worldwar
touchmybody
superman03
superman00
supera
super88
supastar1
spurs9
spunkie
spudnick
slycooper
pussylips
outrage
myrick
Sadie1
LEGEND
JAMIE1
GLENN
Eragon
BOGDAN
96impala
521988
341993
341992
3232
31415926
260903
26081993
260779
26071993
260604
260504
26041991
260395
26031995
26031994
26021987
251314
251234
251232
25121985
251197
25111985
251029
24rocks
24252627
242008
224444
170930
17091993
17081993
170797
170779
170777
17071994
17071988
17061994
170508
170397
170383
170333
170308
17021992
17011994
17011986
161981
161976
161280
161278
161203
16111985
161030
161029
15243
15221522
152007
152004
143michael
143mama
14341434
13467982
12561256
125436
12501250
08091981
080828
08081993
080801
080797
08071990
08061986
080378
080375
08021986
08011992
08011985
071700
071593
071498
071481
071382
07121994
07121986
07110711
071101
062979
062680
062579
062402
062376
053179
053083
053082
026026
wrongway
toussaint
touch1
suprafit
supertare
supermarket
superman85
superman101
superman0
supercalifragilistic
superc
superacion
super23
super15
spursfc
spurs09
puspa
pusinka
outoforder
myrene
m3xico
i<3chris
READING
Jamaica1
JAMJAM
JAMESBOND
FEMALE
7101993
611992
5121995
431989
404404
305boy
26081988
260706
260703
26051995
26051993
260505
26041992
26041986
260406
260379
26031986
260297
260282
260205
251976
251212
25111987
25111984
251099
251002
242024
233456
2241991
1stephanie
1starr
1star1
170996
170931
170907
170904
170728
17061992
17041986
170303
170281
17021985
17011990
170105
16181618
161283
161277
161230
161102
080978
08080
080676
08041994
08041989
08031995
080109
080100
071977
071782
071780
071702
071694
071603
071381
071380
07121984
071178
071176
071172
062902
062898
062895
062894
062708
062596
062595
062408
062396
062295
053183
053181
053107
053104
053098
053080
