181818
russell
262626
wizard
surfer
surfing
russel
NICOLE
rusty1
survivor
TEAMO
rusty
yuliana
505050
Nicole
235689
343434
ursulet
Elizabeth
CHOCOLATE
russia
415263
ursula
russell1
25302530
Chocolate
surabaya
my4kids
ELIZABETH
yorkie
rush2112
424242
royalty
nsync
sureno13
172839
145236
25322532
25312531
SEBASTIAN
royals
ryoma
334455
181920
surfer1
118118
zwinky
14531453
25352535
surfsup
25332533
NICOLE1
18181818
surfing1
surfergirl
surena13
surprise
19071907
091289
Nicholas
091189
syncmaster
145632
sur13
GARCIA
091190
091090
25362536
091288
091186
25342534
091290
wizards
rusty2
091088
ELIJAH
091188
nsync1
190990
091287
091089
NICHOLAS
19001900
091091
181088
091187
ulysses
royal
280390
yorkshire
survive
271088
rusty123
russian
190989
091206
19051905
181990
091987
271290
190588
10987654321
271190
091989
091191
ursuletz
suresh
GENESIS
England
snyder
181989
181191
yulissa
twokids
townsend
NICOLAS
19031903
181091
262728
GARFIELD
271189
181089
woteva
181188
surside13
surrender
Midnight
Godisgood
280989
271187
271089
091286
091185
190889
280889
181289
091291
091086
280790
280590
280488
190788
190388
091092
280990
280490
181190
181290
suraya
4mykids
280388
091984
091293
091285
091087
wizard1
towers
4myspace
280489
271090
181988
181291
royroy
280290
271191
181189
091184
280987
091292
synyster
280992
280890
280789
280690
271087
190590
091986
091192
190290
181991
091988
280892
280289
190190
181287
sureno
280888
190688
190387
190288
0192837465
280589
280189
271192
190589
091294
091084
PEEWEE
280887
271991
271289
190992
190988
190390
280588
271993
271291
271092
190790
190391
181292
181090
091993
Nicole1
190490
181987
Elijah
280891
280389
271992
271091
091992
yulisa
mytime
271990
271288
190789
145145
091085
073190
Gracie
GRACE
280991
280587
271986
190991
190888
190689
181192
unwell
twoboys
my4boys
280688
280291
271989
190491
181994
181087
091991
091284
082489
BESTFRIEND
280691
280591
190586
181992
Godislove
280792
271086
190289
181186
091990
091006
082190
surfgirl
Sebastian
GODISGOOD
280288
26262626
25382538
190587
yulia
wizzard
Cinderella
280787
271188
271186
rustydog
Garfield
280788
280487
280191
280190
271994
262632
190690
190293
091985
091207
091193
surfboard
Elizabeth1
280886
271093
190986
190886
190787
surenos13
royboy
royal1
280986
190792
190691
181993
181288
181193
181187
091892
w123456
DIMPLES
280689
25372537
190893
190287
091891
091804
091688
091283
FASHION
316316
280993
280592
280491
280186
271285
190890
190687
190488
190487
181986
091789
091787
091093
082606
082389
082188
082090
synergy
MIDNIGHT
280391
271987
271284
190592
190389
190193
181181
091588
082986
082891
082488
082390
unwanted
roykeane
roygbiv
JOANNE
280988
280791
280693
280192
271286
190987
181093
091488
091204
surigao
surf
royce
MALDITA
JOANNA
CINDY
280593
280493
280188
190887
190692
190291
190191
190188
181293
091979
091586
091107
091104
082806
082287
ryomaechizen
rushhour
GODBLESS
4mylove
280492
280193
271185
190985
190891
190292
181092
091983
091806
091487
091388
082288
082006
surfin
271193
271084
25301987
190591
190386
091790
091589
091389
073189
suriname
LAMONT
25392539
190994
190892
190493
190489
181985
181285
181106
082689
082391
082189
082104
surya
st3v3n
rustie
67mustang
271095
190684
190393
181185
091687
082890
082804
082691
082506
wizzer
surena
q2w3e4r5
@yahoo.com
3stars
280692
280586
280387
271985
271094
190984
190392
181286
181194
091982
091691
091005
082289
survivor1
q2w3e4
mythology
Nichole
BESTFRIENDS
316497
280786
280685
280292
271995
271988
190894
190686
190593
190485
190189
109876
091785
091489
091282
091205
091095
082690
082688
082005
yulita
7127000
280585
280386
091590
091183
091101
082989
082892
082592
082492
082388
082106
unwritten
twogirls
survival
GODISLOVE
280893
280285
190791
190786
190187
181984
091980
091890
091889
091387
091281
091106
082990
082789
082788
yulian
wizkid
w12345
ENGLAND
280385
13691369
082588
082303
082205
rusty01
royston
280994
271184
190995
190685
190286
181094
091391
091390
091094
091081
082889
082787
082584
mytwins
280495
280485
190807
190494
190194
091977
091788
091690
091686
091606
091386
091082
082487
082407
yulieth
suriya
surfer2
my4girls
4myself
280687
280486
271195
253000
190492
091784
091180
082887
082790
082589
082206
082185
073191
019283
ursinho
mzsexy
280793
280286
280187
271287
190806
190486
190484
190285
190186
181086
18101990
091888
091886
091490
091407
091384
091295
091203
091007
091004
082991
082888
082791
082087
surfista
rusty12
TEAMOMUCHO
NEGRITA
GENIUS
28091990
280287
280195
280180
271984
271980
271283
27101990
25321989
1turtle
190385
190192
181284
181084
172530
091887
091706
091705
091194
091182
091177
082792
082393
082392
082306
082290
082187
082091
082007
surgery
roy123
ELIZABETH1
280984
280885
280806
280484
280392
271293
226688
190983
19091988
181983
181295
181205
091803
091605
091296
082687
082590
082586
082485
073187
synchro
my4babies
NICOLA
Joanne
CINTA
910910
271294
190793
190693
190294
091884
091791
091592
091585
091305
082706
082705
082387
082285
082186
082184
073091
rusty7
LAMEJOR
GRACIE
ELIANA
280985
280785
280584
280506
280395
280394
280293
280206
280194
280185
27101992
25311988
190993
190594
181085
172839456
145263
091994
091981
091906
091792
091506
091406
082605
082593
082591
082105
russelle
NICHOLE
GRANDMA
CINDERELLA
280694
280686
280494
280294
271282
271085
190885
190507
190306
181294
181184
181095
14521452
091995
091805
091782
091685
091583
091582
091303
09121988
091181
091083
082988
082808
082682
082191
073088
073087
yordan
royale
nsync5
Chocolate1
280884
280594
271082
190506
190282
18121987
172528
091905
091786
091692
091591
091486
091280
091195
091105
082883
082491
082386
082085
073089
TEAMOBEBE
901018
415415
280894
280684
27101989
25331990
190784
19071990
190585
190384
18181
091484
091402
091385
091103
091080
08runit
082884
082784
082603
082486
082304
wotever
royalblue
myteddy
Garrett
Fashion
34343434
325325
280883
280882
271295
27111991
19081908
19071991
190584
19051989
181995
18121991
181204
181006
172525
127127
091781
091689
091587
082992
082490
082385
082382
073092
syncere
surfbabe
surenos
rustom
russia1
Grandma
Genesis
CINTHIA
280406
280393
271983
27121989
271205
253100
190883
190794
19071989
19071988
190695
19051987
18121990
18101991
18101988
109109
091581
091404
091392
082984
082880
082783
082681
082406
082291
synthia
Goddess
CREATIVE
ARGENTINA
901010
280706
280595
280307
280295
271996
271982
271206
271083
262529
19091989
19081991
19081989
190785
190694
190683
19051990
19041991
190394
190305
190284
181183
181083
091978
091904
091883
091783
091491
091202
09101991
091011
082906
082886
082885
082685
082683
073188
073104
yorkie1
wizardofoz
syndicate
rustys
rustyboy
rusty3
royalty1
CINTAKU
CHOPPER
901019
523252
280995
280384
280183
271194
25341991
24434
19091992
19091991
190906
190884
190783
19071994
190583
19051991
190496
19021992
190000
181996
181283
181207
181206
181196
181182
18111990
18111989
18101993
18101992
091682
091507
091278
082987
082704
082686
082501
082307
082092
082089
082088
twotwo
tworemix
russo
Nicholas1
HOCKEY
CHOCOLATE1
Audrey
3705smart
316619
280982
280794
280396
280284
280282
27121986
271207
271183
271127
253025
19081988
190795
19051986
190483
19031990
181982
172529
154154
145623
091584
091505
091483
091383
091382
091196
09111993
091097
082500
082405
082208
082203
082086
082084
082082
073186
073086
ursuline
ttr125
russell2
n8tive
mytruelove
MALCOLM
Grandad
GRANNY
901210
901101
523523
3stooges
3344520
28091989
28081991
280804
280707
271179
271106
27101991
27101988
271007
217217
190907
190895
190707
19051988
19031993
19031992
19031991
19021993
190105
181279
18111994
091996
091976
091807
091501
091405
091179
091079
09101989
082981
082905
082793
082785
082692
082587
082484
082482
082108
073183
zygote
twopac
syntax
surgeon
rusell
my4sons
Nicolas
MALACHI
Lampard
JOANA
AUDREY
901124
901112
901105
28081988
280808
280807
280784
280783
28071990
280696
280683
28031990
280280
280107
271981
27121991
27121990
271182
271105
271080
27101987
262526
262524
253545
19061991
19041992
19041988
19021991
18191819
18121989
18121988
181081
181004
172737
091885
091802
091493
091298
091096
082907
082604
082507
082494
082380
082292
082008
073090
073006
yorkies
twotone
tquiero
surside
surfers
surfchick
NEGRITO
Godlovesme
910317
901109
901024
901016
541236987
505505
4421210
343536
33445566
280907
280895
280583
280582
28051991
280483
280407
280208
271292
27121985
271180
27111988
27111987
271005
19061992
19021990
19021988
181282
18121986
18101989
18101987
091903
091893
091793
091607
091593
091480
091381
091102
09101990
091003
082882
082803
082582
082493
082284
082283
082193
082180
towson
surioara
russian1
ruslan
Garcia
GRANDMA1
@yahoo
901123
901106
901103
541988
280983
280906
280795
28061990
280607
28041993
280296
28021991
280184
271296
27111992
190880
190607
190408
19031988
190308
190295
181979
181281
18121812
181195
18112529
181002
091908
091780
091485
091378
091306
091279
09121986
082994
082980
082899
082893
082807
082694
082384
082383
082107
073083
073007
twolves
twokids2
TEADORO
NICHOLAS1
Godbless
GRACIA
DIMPLE
901211
901201
901110
901108
901013
541987
451986
42424242
28081989
280695
28051987
280505
280283
28011991
280106
271279
271006
253253
25312532
235235
190981
19091994
19091990
190904
19061989
19041993
190382
190283
19011990
18111992
18111991
18111987
181104
181080
15421542
145678
10years
091907
091894
091680
091494
091276
09121993
091201
09111989
091108
082982
082881
082878
082786
082693
082585
082505
082402
082394
082199
082192
082003
073179
073085
yulianita
ulysse
tower1
surrey
surfsup1
surfer7
LEILANI
Joanna
Hockey
GRAHAM
901218
901213
901113
901020
901004
541236
50505050
451988
442244
28091991
280905
28081992
28081990
28071992
280596
280580
280482
28031994
280181
28011992
27121993
27111989
271107
271027
26272627
253012
190982
190881
19061990
190595
190581
19051993
19051992
190495
19041986
190405
190208
19011989
181981
18121984
18111993
18111985
172004
109876543210
091998
091703
091694
091693
091508
091492
09121990
082985
082805
082782
082595
082508
082279
082194
073184
yuliani
suryani
surinder
surferchick
surf123
rusty11
rusty101
royer
royalflush
Nicola
Malachi
JOAQUIN
INCUBUS
Grace
GENERAL
Cinnamon
910513
901115
901107
901030
901015
901005
523698741
28091994
280878
28071991
28061991
280603
280581
28051992
28041988
280306
28021990
28021988
280204
271231
27121992
27111990
271081
27101993
262527
190980
19091993
19091986
19081987
19071987
190706
190682
19061988
190606
19041994
190184
190107
181976
18121992
18111988
181107
181082
181007
12789
11880
091975
091899
091895
091707
091603
091502
091482
091277
09121991
09111992
09111982
091100
091078
09101988
09101987
082993
082703
082580
082503
082281
082204
082094
073192
073185
073180
ursinha
towels
survey
surreal
suroscura
surferboy
st3ph3n
rusty69
rusty4
mytimeisnow
MALIK
Godis1
GRANDAD
GRACIELA
GODDESS
DOGGY
CINTHYA
910515
901212
901022
901012
901011
901008
721994
721990
7121993
613613
541991
451991
28091992
280805
28071989
28051989
280496
28041991
28031993
28031989
28031988
28021986
280103
271727172717
271281
271280
27121994
27101986
26262
262528
235711
190979
190882
19081994
190805
19071993
190679
190582
190505
190395
190383
19031989
190206
190202
190185
19011992
18121994
18121985
14569
136136
091997
091929
091779
091708
091395
091304
09110911
082801
082795
082607
082379
082286
082280
082207
xpress
wizzy
tower
syndrome
surf4life
st3phani3
rusty13
rustan
mytony
TEACHER
SEBAS
Paige
PEEWEE1
MALIBU
Granny
Elijah1
DOG123
CINDY1
910919
910616
910520
910419
910330
9101987
901229
901227
901216
901116
901031
901025
901003
901002
721989
721721
4myfamily
361990
280896
280881
280880
28081993
280782
280781
28071995
28071993
28071988
280503
28041989
28031992
28031985
28011993
28011980
271979
271977
27111986
271104
253300
253011
19091987
190879
19081993
190803
190596
190504
19041990
190307
190204
190195
190108
181208
181203
181180
181105
181032
18101994
18101985
172527
172526
163163
118811
091683
091579
091503
091496
091495
091481
091408
091403
09101993
09101985
082908
082903
082502
082483
082298
082294
082278
082004
073193
055555
twoface
suricata
surendra
surasak
rusty10
russell123
royden
royalblood
TEAMOBB
Midnight1
Lampard8
Gracie1
GRAPES
Elizabeth2
910610
910325
910121
901220
901205
901129
901126
901121
901119
901104
901007
7121991
7121988
631989
541990
54123
451990
451989
361993
361992
361988
280904
280803
280605
28051988
28041992
280383
28031991
271997
27122532
271208
271203
271200
27111985
262530
25371994
25351992
253200
25312528
19091985
19091984
190796
19071992
190406
190404
19031987
19031985
190296
19021985
190205
181980
181005
172533
172522
172007
145698
14563
091882
091795
091681
09121985
091208
091175
09111985
082802
082796
082707
082684
082679
082678
082581
082525
082479
082403
082397
082376
082305
082302
082295
082293
082181
082102
082080
073005
yuliza
yuleisi
w1234567
towmater
surfacing
surf13
soxsox
rushmore
royce1
mythreesons
ltz400
TEAMO1
RAGNAROK
PAIGE
NICKY
Malcolm
GENARO
GARRETT
ELISA
Chobits
910810
910405
910228
901223
901219
901209
901208
901127
901114
901028
901017
811118
721992
280980
28091988
28081987
280708
280705
280682
28061985
28051994
280507
28041990
28021992
280207
280182
280108
280000
27121988
271204
25352536
25332534
190905
19081992
190782
19071986
19061985
190608
19051985
190481
19031984
19021989
190182
19011991
181997
181977
181202
181031
18101984
145300
13666
11881188
1181994
1181989
091881
091678
091602
091600
091401
09121992
09121984
091176
09111990
09111987
082895
082879
082594
082583
082481
082404
082381
082308
082196
082093
082083
01987
yorktown
yordi
towanda
surf11
suraj
soxrox
snyper
ryohei
rusty6
rusty5
rusty23
nsyncer
nsync123
mytommy
NICKJONAS
Incubus
ELIZA
EILEEN
910613
910408
910321
910311
910119
910109
910101
901231
901217
901206
901128
901125
901120
901029
901026
901006
8i9o0p
8111988
631992
631990
622622
4mygirls
361987
28091987
28081986
280606
28051993
28051984
280508
280480
28021987
28011990
271271
27121987
271096
271077
27101994
27101985
2626
262522
253018
244342
226699
190903
190808
190781
190703
190681
19062006
190604
190500
190397
190196
181096
181030
18101986
18101982
181003
17271727
145200
136913
1271992
118899
091974
091877
091794
091684
091677
091604
091594
091580
091394
091393
09121981
091200
09111991
09101992
082983
082904
082794
082598
082495
082408
082282
082079
073107
yorleny
wizzie
wizard2
twostep
synystergates
surx13
surveyor
sur1313
rusty07
rusty05
rustico
russell21
russel1
ruskin
myturn
mythreekids
Teacher
NICARAGUA
Leilani
Lamont
Elisabeth
DUARTE
CREATE
Bestfriends
BUCKFAST
910923
910921
910920
910909
910731
910714
910517
910509
910407
910225
910210
9101991
901221
901215
901214
901204
901122
901102
820820
721985
7121990
550055
541995
4mylife
442200
361989
280981
28061986
28051990
28031987
280305
280203
280196
271278
27121995
271181
27111995
27101982
25322533
25302529
244224
226226
190997
19081990
190804
190780
19061994
190530
19051994
19051984
190407
19031986
190304
190298
19021994
190207
190203
190183
19011988
19011985
190106
190101
181922
181921
181229
18121995
18121993
181079
18101995
18101810
181008
17281728
172531
17231723
17211721
091801
091704
091695
091679
09123456
091234
09123
09121994
09121989
09121983
091178
091126
091121
09112001
091076
082577
08251989
082296
082183
082176
082103
082002
073098
073079
073004
