456789
159357
456123
852456
tyrone
753951
951753
159951
555666
456456
system
5555555
159159
456852
258456
55555555
753159
5555555555
654123
tyrell
xoxoxo
258963
456321
6543210
456654
tyrese
852963
159632
258258
25802580
258852
BITCH
357159
258369
159263
3571138
puzzle
1598753
474747
systemofadown
357951
tyrone1
45678
852852
159753456
1596321
654987
BITCH1
951357
SAKURA
456987
636363
24992499
ytrewq
BONITA
258000
15963
COMPUTER
159874
555555555
456789123
tryagain
852369
906090
168168
951159
654654
456456456
852258
258741
85208520
Dolphin
654321a
456123789
555999
753357
HERMOSA
Dolphins
555556
852741
393939
159357456
852123
EMMANUEL
HERNANDEZ
852654
159159159
717171
654789
ruxandra
5551212
555888
159852
159753123
xoxo
951951
456258
159753852
wyoming
555777
258147
61892
258789
159875321
357357
456838
4561230
15987
system1
PANGET
MEMEME
DOLPHIN
870621345
45683968
1597530
tyron
NELSON
1598741
tyrabanks
Sakura
555444
555333
555222
45612
159963
357753
159487
tyree
Computer
Bonnie
159357258
159123
951236
xoxo123
753753
7177214
159456
tyrell1
15975346
myyahoo
951753852
852147
708090
tyree1
COMPAQ
4567890
5550123
tyreece
BITCHES
258654
tyrese1
uuuuu
PANGIT
753951852456
654456
159753258
PANTERA
PANDA
753951456
uuuuuu
GIOVANNI
4twenty
249999
tyrant
25800
PANCHO
NELLY
753951852
159789
159753456852
Hermione
65432
1597535
BONNIE
tuvieja
DOLPHINS
BITEME
555555555555555
trystan
357911
15951
159357852
BONBON
654312
xoxoxoxo
IMISSYOU
Dolphin1
Bitch1
5377422
zmxncbv
Bitch
852963741
852000
654852
5555
suwail
555000
258025
15975300
PANTHER
Emmanuel
tyreek
870807
159753852456
1597532486
xoxoxo1
tyreese
Panther
BITCH123
951753852456
xoxox
951623
55556666
19591959
Panthers
NELLY1
COMPUTADORA
BITCHY
95123
85246
8520456
159753159753
HERSHEY
771991
7532159
555111
xoxo12
tyrrell
99mustang
861202
555551
546546
159654
15935746
15901590
wussup
tyreke
951123
7539510
1597534682
159369
trying
systems
861207
456963
15987532
tyrelle
SKATE
Nelson
Jillian
BITCHES1
870825
870617
861112
861022
771990
654987321
19561956
1597532
870707
861216
861201
771992
717273
47474747
258963147
258258258
159357123
ytrewq1
HERMIONE
HERCULES
Dolphins1
ARLENE
870425
861211
861102
861030
852741963
85200
771989
771988
25896
19541954
1596357
159630
1593575
tyrique
tryme
LARRY
HERRERA
Giovanni
870202
861215
861119
861027
861005
852456951753
249900
19581958
159753258456
15975321
xoxo13
DEVIN
COMPAQ1
BITCH2
951753456
870618
870101
861221
861126
861118
861106
861012
861001
771993
753214
555666777
25846
258123
159753654
utvols
tryagain1
LENNON
DOLLAR
COMPTON
Bitches
BITCH69
870811
870708
870516
870315
870126
861217
861108
654321m
4568520
177155
1597532684
zuplada
Panic!
PANTHERS
PANAMA
Hershey
COMPUTER1
870926
870603
870330
861208
861204
861125
861122
861026
85200258
6543211
528528
25800852
1957chevy
159357258456
159263487
wyoming1
puzzle1
DEVON
870930
870606
870209
870203
870121
870102
861212
861210
861209
861109
quynhanh
870908
870828
870701
870615
870521
870510
870313
870306
870116
861226
861206
861129
861120
861116
861105
861011
861002
8524567913
852456753951
654321j
366366
35793579
25879
15926
xoxo11
tyrece
LENLEN
KIKI12
KIKAY
KASSANDRA
Hernandez
GWAPA
DEVONTE
DEVIL
870910
870810
870808
870804
870717
870512
870511
870505
870214
861992
861205
861028
861015
861013
861007
771994
771987
771986
71772147321
555559
456213
357magnum
168888
159987
159632478
159487263
1593572486
159357159357
tyronne
Skater
Pandora
MEMPHIS
Lennon
JILLIAN
IMISSU
GWAPO
GWAPAKO
Devil666
Bonita
870929
870920
870917
870723
870721
870519
870430
870420
870403
870401
870327
870311
870310
870228
870210
870129
870125
870118
861225
861124
861110
861031
861016
861006
861003
771984
627846
609609
555123
456000
3578951
2580123
177177
159874123
15975
159635741
159623
15935700
xoxxox
xoxo143
trythis
puzzles
PANDITA
Nelly
Larsson
Hercules
Bonnie1
BITCH!
870923
870913
870902
870901
870806
870623
870531
870421
870224
870122
861127
861104
861021
861019
852852852
852456852456
771995
75369
75321
726372
717717
71717171
66stang
654321b
63636363
591992
591989
591987
5552424
357896
357412
258147369
19551955
177777
1597532468
1593570
SKATER1
Larissa
HERNAN
DOLPHIN1
DEVIN1
Computer1
BITCH12
951985
951847
870927
870925
870830
870820
870815
870729
870716
870630
870620
870612
870610
870608
870604
870602
870522
870422
870414
870304
870220
870216
870213
870206
870205
870201
870123
870106
861113
861101
861025
861024
861023
861008
852456123
753698
681988
654321c
654321987
45674567
45654565
45654
25852
258369147
1594826
tyrone2
tyron1
systemax
Pantera
LARISSA
HINATA
HEROES
GIOVANNY
DEVON1
9517530
9512369
870921
870909
870831
870829
870821
870809
870730
870727
870724
870720
870710
870619
870527
870525
870506
870501
870426
870417
870408
870329
870322
870320
870312
870307
870211
870130
870124
870108
861988
861231
861018
861009
852951
762378
753852
681989
654321l
654321d
591994
591991
564321
546213
52xmax
528437
45694569
456654456
456545
45612300
447788
357mag
2580
15years
15995123
15981598
159753a
1597532846
159357852456
