7654321
963852
suzanne
963852741
suzuki
666999
JESSICA
567890
66666
56789
Jessica
909090
369369
19871987
19891989
369852
19861986
19851985
JESUS
19881988
19841984
369258
963258
369258147
tuyyo
Lauren
19831983
19821982
VICTOR
SANDRA
Matthew
19801980
Jesus
MATTHEW
585858
19811981
6666666
369852147
666777
66666666
Jesus1
JESUS1
VICTORIA
suzette
963963
369963
747474
LAURA
963258741
198888
828282
LAUREN
suzana
SANTIAGO
6666666666
198918
198900
198700
198800
198500
Jessie
666333
JESUCRISTO
963369
vvvvvv
198600
963741
GLORIA
198719
Victoria
suzie
JESSIE
3698741
198720
suzanne1
9632147
198912
198000
ORANGE
198522
198919
666555
198911
198819
198521
suzieq
963214
198989
NIKKI
666888
5678910
Jessica1
tyuiop
1989
198712
198622
198917
198916
1987
JESSICA1
9638527410
TAMARA
198818
198718
198621
96321
Sandra
198820
198200
774411
3691215
198400
198222
ONELOVE
198812
Matthew1
198620
Laura
198722
198711
198585
19888
1988
198300
96321478
198721
198323
SANTOS
SANDY
198914
198623
198611
198520
MILAGROS
SANTANA
666666666
198612
tuyyox100pre
suzie1
suzanna
198717
198424
MATRIX
198923
198619
198523
198510
SANCHEZ
MILLER
JESUSCHRIST
198706
198412
198910
198423
198422
suzaku
369874125
198915
198822
198618
198411
198686
1986
1985
suzuki1
963210
369147
198817
198816
198716
198511
198100
891011
198922
198920
198723
198705
Victor
JesusChrist
369874
198908
198787
198321
suzzie
Orange
198810
MATTHEW1
KINGKONG
99problems
198913
198806
198617
198605
765432
198512
198225
198123
918273
198811
198703
198808
NIKITA
Millie
918273645
90909090
198905
198555
Hayden
5678dance
36987
198907
19872530
198707
198519
198502
198312
Jesus7
567567
198928
198927
198909
198903
198807
198610
198525
LAURITA
198821
198421
198310
198226
198224
1982
198111
YAHOO
MILLIE
19890
198710
1984
198324
19812524
LOGAN
666000
198613
198325
198322
1983
198026
198011
Jesus777
990099
198925
198824
19852528
198410
19802523
MILENA
JESSE
HAYDEN
76543210
666devil
198921
198805
198729
198713
198223
36987412
369741
198924
19891
198715
198420
198419
198282
vvvvv
suzane
JESUS7
Hayley
963214785
58585858
198826
198815
198725
198517
198508
19832526
198124
198025
Jesse
198929
198904
198902
198827
198813
198724
198704
198627
198608
198425
198210
198125
198012
666satan
567891
369123
36912
198702
198624
19855
198518
198507
198403
198220
1981
198080
VICKY
Lauren1
198999
198906
198814
198615
198505
198503
19842527
19841985
198418
Tamara
NIKKI1
Goldie
198926
198730
198666
198626
198609
198606
198604
198515
198405
198402
yutaka
VEGETA
891209
891030
891026
48624862
198828
198825
198728
198709
198701
198607
198601
198212
198126
198027
Matrix
Gloria
98188729
891018
369369369
198809
198804
198803
198714
198524
198506
198427
198383
198306
19822525
198211
198023
Jesucristo
GOLDIE
Copper
891212
891211
891024
891023
88224646
198930
198708
198629
198326
198319
891202
666222
198777
198408
TIESTO
Nikki
NASCAR
MILLOS
LAURA1
JESSE1
HAYLEY
GOLDEN
891112
891022
891002
666420
19892007
198801
198726
198628
198514
198311
198221
198024
tuyyoporsiempre
891221
891125
891117
891107
891106
891025
891016
891013
19899
198901
198765
198731
198509
198444
198320
198219
198207
198127
VICTOR1
VICENTE
891109
891102
666444
48625
198603
198602
198530
198528
198501
198484
198028
Victoria1
TIERRA
MILTON
MILDRED
Alucard
891004
198829
198788
198625
198616
198526
19851986
198428
198426
198227
TAMMY
Miller
Jesuslovesme
HUEVOS
891214
891122
891121
891120
891111
891031
891008
891001
837829318
666422
567482
19877
198727
19872006
198404
198205
Vegeta
Santiago
SANDY1
SANDRA1
Logitech
963321
891230
891215
891028
891006
6661313
666123
198802
198630
19862529
19862006
198614
198401
198302
198206
198120
198005
zsuzsa
wsxedc
VICTORIA1
TEIUBESC
Jesusfreak
Jessie1
GIRLS
ALUCARD
963741852
891205
891129
891124
891103
891027
891012
891005
666665
369303
198513
19850
198415
198318
198010
TAMIKA
MILLONARIOS
MATEMATICA
Jesusis1
JESUS777
JESSY
Griffin
963963963
963123
891222
891128
891108
891017
378378
198855
198830
198823
198430
198416
198122
198112
198102
198022
suzzette
YAHOO1
Nikita
Mattie
Logan
KNIGHT
92702689
891226
891225
891208
891130
891116
891110
891101
891029
891010
891009
891003
666111
56785678
19892532
198831
19851987
19844
198417
198413
198307
198303
198103
198029
198001
1980
Sanchez
Logan1
FISHING
96385274
891989
891228
891219
891218
891216
891118
891007
666669
666666a
198932
19891990
1989123
19872005
1987123
19871
198527
198308
198201
198110
198106
19800
wyrecords
NOEMI
Milton
KING23
Jesus01
DOOKIE
963147
891223
891220
891206
891127
891126
891123
891020
66669999
5678
558855
486255
198955
19880
19872007
198631
198429
198333
198329
198327
19831984
198309
198209
198121
198020
YAHOOO
MATIAS
MATEO
Jesus123
Jesus#1
891988
891204
891203
567894
36993699
19892008
19856
198516
198504
198409
198406
198304
198203
xsw21qaz
wsxqaz
SANDRITA
SANDIEGO
ORANGE1
Nikki1
Matilda
MATHEW
JESICA
Golfinho
9632587410
891987
891229
891207
891201
891115
74747474
1988123
19881
19862005
198529
19851216
198456
198305
19822
198216
198101
18921892
vvvvvvvv
suzan
ONELOVE1
Noelle
Laurie
KINGSTON
KINGDOM
Jesussaves
GOLFINHO
DOODLE
981990
891217
891213
891210
891104
8194000
729729
666bitch
6666667
58565254
567123
36985
19882531
198756
19871982
19861987
198531
19842002
198228
198181
198104
198019
198004
198003
tyuio
suzette1
suzannah
OJITOS
LAUREN1
Kingdom
Jesus!
JESUSS
JESUSC
JESUS123
981989
909909
891231
891224
891019
882008
86428642
666xxx
6666
558899
198931
198899
19871989
19871988
19860
198586
198567
19851
198431
198214
198208
198109
198008
